31278805
3243349263
31278805
8907329957
246093629
4488476217
246093707
246093698
246093694
246093682
246093676
246093671
246093667
246093658
246093654
246093643
246093627
246093646
246093643
246093633
1876930164
246093654
246093653
246093646
246093647
246093651
246093653
246093659
246093658
8659442846
1876930164
8659442846
246093668
246086796
3194208369
437760361
246093670
246093668
246093667
246093666
246093659
246093661
246093651
246093661
246093665
246093661
246093662
246093649
246093647
3344546133
246093627
3344546133
3344546128
246095296
819546507
246086902
215239756
2637000800
215239756
3344546113
246086902
1626472601
246086796
1626472601
246086891
246086806
215239766
3194208141
3344546113
3194208141
215239766
215239763
3659087150
3659087148
246095678
246095286
246095302
246095286
246095304
246095301
246095300
246095301
246095302
4222047308
4577275992
3344546148
246095300
3344546130
246095304
246095306
4303136895
246095306
246095310
3344546121
215239763
3344546121
3344546120
1420176994
1420176854
246095296
819546507
8659360728
246095312
8659360718
8659360728
8659360718
246095296
3344546128
3344546127
246095291
3344546149
3344546132
3344546127
3344546134
246093649
246093662
246093663
246093598
246093615
246093688
246093686
246093679
246093615
246093674
246093665
246093663
246093598
246093718
246093719
246093718
300488771
300488764
300488771
300488764
246093722
226014026
246093722
3344546134
3344546133
3344546128
3344546129
3344546132
3344546130
246095310
3344546130
3344546129
1420177057
1420176994
1420177057
3344546120
5736618817
1420177041
1420176854
1420177041
2637000800
5736618817
3344546121
4303136895
3659087148
246095684
8658993042
3659087148
3659087150
8658993042
246095684
246086806
246086808
246086878
246086872
246086855
282025802
3659066779
122829020
122829001
8660702653
8660702634
1767178796
9776192133
246102355
9776192133
1767178796
8660645510
8660679528
246102355
246102442
246102447
246102442
246102470
246102447
246102463
246102478
246102470
246102478
246102479
246104413
246104412
246104407
246104404
1272650774
1272650774
246104404
246104403
1242400106
246106184
246106178
246106177
246106200
246106161
246106163
246104403
246106163
246106191
246106184
246106191
246106177
4774214310
3781099637
246106178
5293570942
5293570945
246102319
246102318
5293570943
5293570942
5293570965
246102343
5306548713
246106186
246106187
246279595
1272650731
246279597
246278787
246278800
246102504
246102503
246102502
246102302
246102299
4502141296
246102299
246102498
246279566
246279566
246279566
246102498
246279564
246102496
246102495
246279540
246102495
246279552
246279540
246279542
246279541
246279542
246279543
246279552
246279543
246279553
246279541
246279545
246099972
246282284
9527088813
9527088801
246279553
9527088801
9527088806
246282285
246282286
246282285
246282295
246282292
246282286
246282327
246282307
246282329
246282323
246282337
246282323
246282330
226039131
246282330
246282331
246282331
246282330
246282329
246282338
246282328
246282324
246282337
246282338
246282328
246282326
246282325
246282324
246282325
246282326
246282327
246282307
3344546293
226039131
3344546161
246282744
246282737
246282742
3344546163
246282744
246282737
246285239
246285240
246285240
246285239
246285237
246282349
246282343
246282344
246285246
246285246
246282344
2431664062
246285237
2431664062
246282349
246282343
246282339
3344546315
246100047
246282341
246285242
246285242
246282341
246282339
3344546315
246100047
3344546311
3344546309
424364123
246282300
246282297
246282304
246282304
246282304
246282297
246282292
246282295
4141642002
9527088816
9527088806
9527088813
9527088816
4141642002
420378326
246282284
9527366261
424229612
3319300250
246282139
246282138
246282154
246282153
246282154
246282155
430539530
246282153
246282145
301033532
246282144
246282139
246282142
246282141
246282140
246099966
246282159
194615895
246282124
246099964
246099963
194615908
189725039
246282094
246282093
189725181
189725173
189725039
226039050
226039030
189725173
189725181
9653683760
189725364
9653683759
226014024
226039011
189725416
189725364
9653683760
226013974
4502502575
226013966
226039098
226039035
6140427276
246093734
226039044
226039030
2637000808
226039030
226039050
226039045
226039044
226039090
226039084
226039075
189726080
430352841
189724791
391425386
9528513190
391422517
225015318
221060797
189724791
226039080
430352845
391425386
430352845
246099805
246099806
391424933
246099808
391424933
9528513216
3696726101
391422516
225015315
191394915
191394927
191394915
9528539222
3696726101
391422516
9528513215
246099806
246099810
246099809
226039086
226039080
391425586
430352841
391425586
226039075
393366738
226039069
226038999
226039004
31278813
226039005
31278813
226013963
9652124126
226039035
226039040
9652124126
226039040
226013966
226039005
226039099
226014024
226039099
4502502575
9653683759
9653683760
226013974
5272785481
226039098
5272785481
6140427277
6140427276
6140427277
2637000808
246093734
246093735
226039055
226013963
226039055
226039063
226039004
226038999
3751874346
246093719
8507690183
246093710
246093703
246093702
246093689
246093598
246093689
246093688
246093691
246093701
246093699
246093693
246093685
246093682
246093680
246093678
246093676
246093678
246093670
246093671
246093672
246093666
246093665
246093674
246093672
246093679
246093686
246093693
246093691
246093693
246093685
246093694
246093695
246093680
246093695
8907195375
246093697
246093698
246093699
246093706
246093704
246093701
246093702
246093703
246093704
246093710
437747991
246093629
8907329957
4488476217
2183863945
194611911
2183863945
3243349266
3243349263
3243349266
194611911
246093709
246093697
8907195377
8907195375
8907195377
8907195380
246093709
246093707
246093706
437747991
8922634528
658977106
658977105
658977107
437750551
225961753
8785254693
441201693
437756609
8846541250
4488192544
438835365
225743718
8922552382
437750551
438835365
4488192544
1583404288
437756609
1583404288
8785254693
441201693
1721685728
225961821
225986832
225961821
437750132
437750130
225986832
8920601692
225961753
8922342830
437749608
437749605
437758807
225961797
225961797
437758807
3751874367
437749608
437749612
437750123
437749619
437661716
437661713
437661711
440882795
437748017
437661713
437748009
437750125
437750123
437750121
437750116
437754878
225986773
191394327
225986716
191394327
225961887
191395269
225986762
225986743
191394334
191394344
191394334
225986716
225986770
225986773
225986770
225986767
191394344
191394351
225961893
428664827
191394351
191394374
226055320
191394374
191394388
191394408
226055320
191394408
191395268
191394408
226020247
226020136
191395262
191395041
226025538
191395083
191395217
432736354
685985477
191395083
8919731542
685985474
685985477
685985474
427841648
3810555251
191395000
191395007
3243349284
430339783
4596610686
191395007
4596610686
430332265
427841608
191394772
190973630
191394748
191394740
191394733
3243349295
225974083
221060786
191394733
4596610669
191394740
225015305
225015300
191394260
221060805
221060800
221060790
191394260
221060783
221060808
221060805
1583404287
191394267
221060822
191394267
226014011
226013995
226013990
31278811
9652075093
31278811
9652075094
226014014
226014011
226014014
226013990
2629942736
221060802
189726080
391425797
31278811
391425797
393366738
391425798
226039084
226039086
226039096
226039045
418896406
246282136
246099814
246099813
246099811
246099808
9528539221
9528513197
191394902
191394772
427841613
427841608
430332265
9571967493
190973630
3243349294
191394740
191394748
191394907
191394902
9528513197
9528539222
9528539221
9528513216
9528513215
9528513214
391422517
391422516
391422517
9528513190
9528513214
246099805
246099809
3696746673
226039096
226039090
246093735
246093736
391425798
246093736
226039059
226039063
226039059
226039069
9652075093
9652075094
3751874346
431371715
221060818
1583404299
221060818
221060822
1583404289
1583404287
226013995
2629942735
2629942736
2629942735
221060800
221060802
221060797
221060790
225015308
225015311
191394927
430351382
191394907
430351382
225015305
225015311
225015315
225015318
225015308
225015300
4596610669
221060783
221060786
221060813
221060808
6930082323
5413950703
1583404289
1583404299
1583404290
225974075
225961880
225961842
191395269
8583854079
225961849
225961842
225974078
221060813
6930082324
5413950702
5413950703
6930082323
6930082324
5413950702
1583404299
1583404290
225974075
225974078
225974083
225961849
3243349291
3243349289
3243349288
430339783
3243349288
8919427791
4596610686
8919427799
8919427795
8919427791
8919532668
8919427795
8919427810
8919427799
8919427795
8919532668
8919519115
430332261
8919519115
9571967493
430332261
3243349290
3243349291
3243349295
3243349294
3243349290
3243349288
3243349289
8583854079
3243349289
3243349282
3243349285
430315807
3243344571
191395041
191395047
191395277
191395217
191395221
191395222
191395221
3810555683
225048305
225015285
225015278
225015273
225015265
226055554
225015261
225015255
225015254
225015252
221942709
221942707
221941825
246456421
246456426
8930635411
8930635411
246456426
246450873
246456419
225048277
225015249
225015246
225048275
225048277
225048275
8930533129
225015246
2036844154
225015246
246456380
225064767
225064764
225064762
225064760
225065508
225064760
226020170
246450822
246450821
246450820
246453436
226020177
226020212
246453430
226013947
246456363
226020212
246456342
3748163401
246456347
246456344
226020177
246450826
246450820
246453436
583470115
246453475
246453470
246453477
246453479
246453482
246453479
246453480
246453439
246453447
246451743
583470062
246453439
246453447
246451757
246451758
246451743
246453448
2036848406
246453448
246453453
246453422
246453417
225015216
225048251
225015216
225015217
246453415
246453414
225015219
225015217
225048252
225048251
246453455
583470108
246453457
225048254
225015219
246453510
246453466
246453465
246453412
225015224
225048257
246453493
225048260
225015228
246453492
225015224
4492215591
246453466
246453465
583470058
246451738
246453489
5308387228
246451740
246451738
246453412
246453491
246453410
225015228
246453506
246453409
246450884
246453500
246453410
246453409
246453408
246453406
246453404
246453403
246453401
246453400
225015235
225015232
225048262
246456487
246456489
246456479
246453507
225048260
3751697263
246453502
246453496
246453472
246453469
4506433716
246453512
246453511
246453467
246453466
4492215591
4492215592
225048257
4492215590
246453472
246453496
4492215589
246453493
246453492
246453491
246453489
246453500
246453498
583470112
226020183
246453504
246450884
246456472
246456354
246456340
246456338
246453404
246453403
2282370899
246453401
246456363
246456340
5308450959
5308450958
246456342
246456344
246456347
2282370898
226020183
2282370898
246456470
246453504
246453498
5308387228
246453486
246453475
583470115
583470112
246453486
246453471
246451740
246453471
246453470
246453471
246453484
246453477
246453484
246453482
246453481
246453480
246453481
583470062
2036848406
583470057
246453415
246453417
246453422
583470057
5270015590
246451739
5270015590
246453414
583470066
246451739
583470058
246453465
246453508
583470066
246453508
246453510
246453511
583470106
225048254
583470109
225048252
583470109
583470108
246453457
583470105
583470106
583470105
246453512
4506433716
4506433718
246453469
4506433718
246453467
4492215592
4492215590
4492215589
3751697263
246453502
246453515
246456482
5298648041
246456489
5298648041
282581752
246456482
282581752
1762261409
1766686066
246456487
1766686066
246450881
225048269
225015235
225015232
246456334
246456332
246456479
246453507
246453506
246456476
246453406
246456474
246453408
246453406
2282370901
246453404
246456356
246456354
5414085712
5308450959
5414085712
5414085711
5308450958
5414085711
3748163401
246456470
246456472
246456474
246456356
246456338
2282370899
246453403
246453433
225015232
246453433
2282370901
246456334
246456476
246456479
246456332
225048262
225048269
225015235
3468181946
246456394
583470086
246456394
2036844154
246456381
246456377
246456372
246456369
225064767
225065511
225065510
225064764
226013932
246456369
226013932
246456461
226020203
226020170
246450824
226020206
226020203
226020196
226013932
226020196
225064762
225065509
225065508
246450856
225065508
246450835
226028575
225065506
437750588
218156437
218156432
218156429
8914687034
215135344
246461028
8914687034
246461028
4568715159
8914687316
8914687319
246461023
8914747518
246461023
8914747519
2122153818
437760338
225993484
8910220054
226055300
437751123
437750573
437748021
437748017
437749625
437661716
437661718
437754194
437749625
437749628
437748021
437749628
437754198
191394388
226020251
226020238
225986701
226020141
226020259
226020232
191395054
191395047
225015289
191395222
191395277
226025538
3243344573
8919827683
3243349281
3243349284
3243349282
3243349285
3243349281
3243349286
8919827683
3243349286
191395000
3810555251
8919731542
3243344573
3243344571
191395267
191395262
191395054
226020265
225015289
226025582
225015285
226025548
226025587
226020265
226020259
226025590
226025552
226025548
226025616
225015278
225048303
225048297
225015273
226013949
226013923
431246538
226025611
226025557
226025552
226025613
226013923
226055619
226055545
431246530
226020187
226055628
226055545
226055619
226055613
226055619
226055625
225015265
225048289
443846295
443846293
443846298
443846295
443846298
226055567
226055561
225048286
225015261
226055631
226055549
226055545
226055549
226055631
226055628
246450863
246450865
246450864
246450862
226020187
246450853
226020160
246450836
226055521
226055517
226055509
226055517
226055534
226055509
4574835864
226055333
4574835861
226055346
226025567
226025563
226025557
226025594
226020141
226020234
226020232
226020136
191395268
191395267
191395268
226055326
226055320
225961893
432736406
226055326
432736406
7246498135
225986762
7246498135
428664827
225986743
225961887
225961880
9533219996
1583404290
431371715
9533219995
9533219993
191394327
9533219993
9533219996
9533219995
3751874367
3751874369
437749612
8920806380
437750125
437750562
437750130
437754694
437750564
437661711
437750564
437748009
437749619
437754707
437750116
437754878
3751874369
437750121
437754707
437661718
437753756
437754194
437754198
226028542
226028550
437754198
226028550
437751517
437686912
226028555
226028582
226028587
226028558
226028555
226028558
226028587
226028591
226028563
226028558
246456538
246456537
226028569
226028563
226028569
226028575
225065506
246449783
226028591
246449768
246449765
246449762
246449760
246449719
246449773
246449817
246449810
246449805
246449814
246449810
246449817
246449814
246449805
246449772
246449769
246449762
246449760
246449792
246449781
246449780
246449779
246449765
246449768
246449778
246449779
246449780
246449788
246449792
246449788
246449781
246449785
246449784
246449778
246449794
246449794
246449794
246449778
246449784
246449783
246449784
246449785
246449719
437750585
246449713
246449727
246449727
246449727
246449713
246449836
246449725
246449721
246449725
246449836
246449730
246449709
246449707
246449706
246449705
246449704
246449701
246449694
246449758
246449707
246449709
246449754
246449710
246449758
246449710
246449757
246449693
246449744
246449749
246449744
246449756
246449754
246449756
246449757
246449693
246449746
218156429
246449746
246449745
246449744
246449745
246449753
246449749
246449753
246449743
246449731
246449743
246449735
246449730
246449735
246449737
246449739
246449737
246449739
246449731
218156437
437750588
437750585
437750580
246449837
226013901
226013875
437686902
246449837
246449721
246449837
437686902
437868874
246450806
246449706
246450806
246449705
246449704
246449701
246449694
437868624
225993491
437751563
225993484
437760338
437760361
3194208369
2122153806
246086835
3659066768
194615775
194615794
246282782
8659765239
246282782
9784177046
246282742
3344546168
7470948306
3344546168
7470948306
3344546152
3344546148
3344546149
3344546151
246282751
3344546154
3344546156
226039212
3344546156
3344546161
3344546164
3344546151
3344546152
3344546163
3344546164
3344546154
3344546296
226014026
226039014
226039011
226039014
226039019
189725416
189725802
246282093
189725802
246282157
226039024
226039019
2431664738
5270015571
226039212
5270015569
5270015571
2431664738
3344546296
5270015571
5270015569
246282164
301033544
301033544
301033544
246282164
5272785492
226039027
246282161
226039024
246282157
246282158
194615895
246282095
194615908
246099963
246282129
246099835
246099818
246099814
246099818
246282135
2184286070
194615908
2184286070
418896406
3696746673
246282168
246099810
246099811
246099813
246282168
246282136
246282135
246099963
246282129
246282096
246099843
246099835
246099843
246099862
246099880
246282097
246282097
246099880
392512601
5260416933
392512601
392788339
246282126
246099966
246282124
246282125
246282126
392788339
392788338
246099862
392788338
246282125
246282096
246099964
246282095
246282094
246282158
246282160
246282142
246282143
246282144
246282163
5272785492
246282146
246282138
246282146
246282145
301033532
246282163
246282144
246282143
226039027
246282161
246282160
246282159
246282141
3319300250
3319300248
246282140
3319300248
9527366156
424229654
424229646
424229612
9527366261
424229646
424229654
9527092279
9527366156
9527092279
246099972
420378321
246279546
246279545
246279550
246279549
246279555
246279559
246279557
246279546
246279557
246279558
246279549
246279558
246279559
246279555
246279556
246279562
246279565
246279564
246279565
246279562
246279556
246279551
246279550
246279551
246102496
246279539
246102495
246279539
9794639158
246102338
4329987210
246102301
246102303
4577074072
4577074069
4577074072
4577074069
246279575
246102302
246278834
246278835
246102299
246278835
1272650800
246100033
1272650800
1272650785
246100044
246100033
8660735807
3319392615
4303129704
246278844
246100044
246278804
246278839
246278840
246278840
246278840
246278839
246279038
246278844
246279038
246278837
246106207
246279039
246279040
246279041
246106205
1849278696
246278831
246106204
246278831
246278830
246278821
246106204
246278822
246102502
246279607
246279603
246279599
246279598
246279602
1272650787
246279601
246279597
1272650744
1272650787
1272650744
246279598
246279609
246278787
246279605
246279595
246279605
5306548715
5306548713
4774214309
4774214310
4774214309
3781099630
3781099637
3781099638
3781099638
3781099637
3781099630
3781099631
3781099631
3781099630
246102343
5413778642
246106186
5413778642
246106189
246106187
246106189
246279577
1272650738
1272650731
1272650738
246279601
5293570964
5293570961
813248058
246279573
813248058
246279573
246279575
4502141296
246102301
3319393511
9794639266
5293570960
3319393511
9794639254
246102339
246102338
4329987210
246102339
246278789
246102318
246102319
246102320
5247794858
246102320
5293570948
246104399
246104397
246278788
246104397
4401927483
246104396
246279530
246104396
246106182
246279529
246106179
246104395
246106179
246279529
246279530
4304779333
246104395
1433216484
419239279
246282118
246282118
246282118
246282113
246282108
246282106
419239281
393406568
393406568
393406568
419239281
419239280
246282108
419239280
430539469
419239279
430539469
3696661995
246102331
1433216465
9793907272
246102331
1433216493
3696726113
5260416933
3696726113
1433216493
1433216465
1433216500
1433216484
1433216500
9793907272
3696661995
430539469
246282113
4686572457
4329987238
9794639158
246279532
246279529
246279532
246106182
246278788
246278789
246104399
5293570948
5293570946
1242400106
5256789617
5256789617
1242400106
5293570946
5247794858
5293570945
5293570943
9794639275
5414172465
5293570960
3319393511
9794639254
9794639266
5414172464
246102318
5414172464
5414172465
9794639269
9794639275
9794639269
5293570958
5293570960
4577074076
246102303
4577074073
4577074076
4577074073
5293570961
5293570958
5293570965
5293570964
246279608
246279607
246279608
246279602
246279603
246279599
246279606
246279609
246279606
246102503
246278823
246278818
246278801
246278824
246102504
1272650791
246102506
246278826
246278825
246278824
246278825
246278817
246278828
4705778702
246278813
246278812
246278802
1849278690
246278801
246279610
246278817
246279610
3696424312
246278812
246278802
246278803
246279027
246278803
246279027
246279031
246106207
246278837
246278805
246106205
246278806
1849278695
246278806
246278807
246279044
246279041
246279040
246279047
246279044
246279045
246279046
246279047
246279053
246279039
246279053
246279056
246279031
246279056
246279046
246279045
246278810
246278802
246278810
246278808
246278807
1849278693
246278832
246278820
246278819
246278818
1849278691
246278810
246278808
1849278692
246278833
246278819
246278833
246278832
246278830
246278821
246278820
1272650741
246278823
1272650741
246278822
246106204
246278836
1849278697
246278805
246278804
1849278698
246278838
246278836
246278838
246278834
1272650785
1849278698
1849278697
1849278696
1849278695
246278830
1849278695
1849278693
1849278692
1849278691
1849278690
3696424312
4705778702
246278828
246278826
246102506
246102507
246278793
246278794
1272650799
1272650791
1272650799
246278800
246278797
246278794
246278797
246278793
246102507
246102511
4576947769
5225132746
5225132746
5225132746
4576947769
246104454
5416486662
246104454
5416486660
5416486656
5416486660
5416486661
5416486656
5416486661
5416486662
1762286723
246102514
246102511
246104463
246104464
5225132764
246104464
5225132764
246104469
246104463
246104469
246104493
246104444
246104495
246104471
246104480
246104447
246102355
246104447
246104430
246104427
4577010610
246104423
4577010609
246102359
246104434
246102487
246102486
246102359
246102486
246104800
246102483
246104417
246104421
246102482
246102463
246102482
246102480
246102479
246102480
587563009
246104421
587563009
587563015
587563015
587563009
246104417
246102483
5950457035
2999755446
2999755446
2999755446
5950457035
246104418
3818882562
246104418
246425422
246104800
246104423
4577010609
4577010610
246104427
246104429
246102359
246104429
246104430
246104429
246104438
246104434
246104435
246102488
246102487
246425419
246425410
246102515
246102516
246425493
246102516
246279633
1766738240
246279633
246279636
1762261405
246279636
643607763
246280407
1762261405
1766738240
246425482
246280406
246280405
246280404
246425458
246280392
33575756
246425472
246425469
33575756
246425372
33575757
246425435
246425373
246425372
2812355941
2812355949
9644341944
9644371834
33575757
9644371834
2812355949
5757274606
2812348403
226429616
581056932
226429610
226429600
248406123
248406122
226429590
248406291
248404860
248404858
248404857
248404855
248407202
248407201
248405815
248404857
248405812
248405712
248406130
248404855
248406130
248405975
248405712
248406129
248404491
226429610
226429600
248406122
226429600
248406122
226429590
1282774848
226429590
1282774848
1282774847
9762348896
9762348896
1282774847
1282774863
248407106
226429539
486090562
226429519
581056600
581056599
486090513
581056602
486090511
5207429063
575546840
486090511
575546840
581056601
581056600
581056601
581056602
486090513
486090514
486090518
486090514
486090518
226429539
486090562
226429519
581376474
581376471
581376472
582743238
575529213
4330691500
4330691498
581056587
581056584
581056590
581056590
581056590
581056584
581056587
4330691498
4330691500
575529213
582743237
503824036
267184137
503824039
267184137
267184157
245812535
226429414
226429406
267184164
226429406
581056292
1962230107
581056289
5272693760
5248541598
1962229762
1962230107
1962229762
1962229765
5248541598
1962229765
298562707
267184164
267184163
226429414
267184163
9761601620
9761601620
267184163
298562674
298562670
298562674
298562673
298562675
298562675
298562673
298562670
245812535
226429414
245812535
267184157
503824044
267184157
503824044
503824039
503824038
503824035
226429511
4017557031
226429511
581056576
226429519
581056576
9761716172
9761716172
581056576
226429511
4017557031
503824044
4017557031
503824038
503824035
503824036
582743237
1282774852
1282774857
1282774857
1282774857
1282774852
582743238
581376472
544330891
544330892
544330891
581376475
581376471
581376474
581376477
486090562
581056599
486090562
1475412471
581376477
581376475
1475412470
1475412471
1475412470
544330892
581376479
486493501
248406238
248407104
248407247
248407245
248407201
248407245
248407263
248407202
248407263
248407247
248407104
248406614
248405815
248406614
248406613
248404858
248406613
248406239
248406240
248406239
248407329
248407433
248407433
248407329
248406238
248407106
226429539
581376486
581376482
486493501
581376482
581376484
581376479
581376484
581376486
226429539
248407106
1282774863
1282774847
1282774848
1282774860
4017589638
4017589638
1282774860
248406240
248404860
248406291
248406125
248406123
248406125
248406129
248404491
248404490
248403612
226429616
581056932
226429610
581056932
226429616
2812348403
246425467
33575762
246425461
246425454
246425461
246425454
246425456
246425454
246425458
246280404
246280405
246425474
246280405
246280406
246425498
246280406
246425475
246425474
246425459
246425454
246425458
246425456
246425469
246425472
9644329370
2812355941
9644329370
2812348403
246425467
246425461
246425467
33575762
246425477
246425481
246425459
246425481
246282092
246425479
246425477
246425479
6119440410
1281712557
3697273508
1281712557
6119440410
9645426989
246282092
9645426990
246425475
9645426990
9645426989
1849285248
581389329
581389329
1849285248
4344150247
33575755
4344270816
3697273508
4344150247
33575755
1762286719
643607763
1762286719
246280407
246425482
1766738240
393561922
246425493
393561923
246425410
246425409
246425408
4518637414
4518637404
246280399
246425387
716022648
3818879355
246280399
3818879353
4518637411
4518637403
246280397
246425393
246280404
246425393
246280394
246280393
246280392
246280393
246425376
246425373
246425435
246425430
246425376
246425397
246425377
246280397
1766738257
246280394
1766738257
246425397
246425443
246425446
246425377
5950457033
246425387
5950457033
3818879353
4518637403
4518637411
4518637404
4518637414
5314057652
3818879355
5314057652
9786913653
3818882562
9786913654
9786913653
9786913654
4518637414
246425408
246425422
246425420
246102486
246425420
246425409
246425490
246425500
246425490
246425498
246425496
393561922
393561923
246425500
246425496
246425498
246425490
246425409
246425420
246425419
246425418
246102515
1766803126
1766803126
246102515
246425418
246425511
246425511
246425418
246102488
246104435
246104439
246104438
246104442
246104430
246104447
246104480
246104448
246102514
246104443
246104439
246104443
246104442
246104448
246104444
5414387818
5414387814
246104488
246104493
246104488
246104487
246104495
246104487
246104471
5225132766
5225132766
246104471
246104480
246104447
246102355
8660679528
3344546318
246102347
246102370
246102347
5306548712
246106172
246106169
246106129
246106131
246106132
246106131
246106132
246106169
246106129
246106128
246106127
246106124
246106123
246106121
246106120
246106121
246106120
246104413
246104412
246106154
246106137
246106123
246106137
246106152
246106139
246106152
246106151
246106124
246106151
246106127
246106128
246106167
246106139
5247794860
246104407
5247794869
5247794869
5247794869
246104407
5247794860
246106158
246106154
246106158
5247794860
246106160
1272650760
1272650784
246106161
1272650784
1272650760
246106160
246106199
246106173
246106172
246106173
246106200
246106199
246106175
246106167
246106175
246106172
5306548712
5422123109
5306548712
5306548739
5306548715
5306548739
5422123109
9776701903
246102362
246102361
246102362
9776701903
3344546317
246102362
3344546317
9776192133
3344546317
3344546318
246102370
8660551663
246102361
8660527205
246102361
8660527205
8660527188
8660517195
194615794
8660517195
8659765239
3344546311
3344546310
3344546314
246282310
246282315
246282315
246282315
246282310
246282311
246282311
246282311
246282310
3344546314
3344546293
3344546294
246282744
3344546294
3344546315
3344546314
3344546310
424364123
246282300
4502357231
3319392627
3319392631
3319392621
3319392621
3319392631
4502357230
4502357231
3319392627
8660735756
3319392617
3319392615
8660735784
8660735807
8660735784
420378321
420378326
8660735813
8660735756
8660735813
3319392617
3319392616
8660735745
3319392631
8660735745
8660735837
3319392616
4303129704
9784177052
8660527205
8660527188
9784177042
3344546309
8660527178
4502357230
8660527178
9784177042
8660527188
8660517195
194615794
194615775
3659066768
246086878
246086891
246086878
3659066768
246086835
2122153806
3194208369
437760361
437760338
2122153818
8914747519
8914747518
2155637736
2155637727
225993491
437751563
437868626
226048875
226013875
437868873
437868626
437868624
437868874
437868873
226013875
226013901
437751527
437750580
437686909
246449773
246449822
246449822
246449822
246449773
437686909
437751526
226048554
226048560
226048560
226048560
226048554
226048583
226048784
226048583
226048776
226048757
226048590
226048586
226048780
226048757
226048776
226048780
226048586
226048784
226048790
226048799
226048749
226048606
226048595
226048590
226048595
226048600
226048600
226048595
226028542
437751520
437686911
226028582
246449801
246449798
246449769
246449798
246449772
1765696646
246449801
1765696646
437686910
437686909
437751526
437751523
437686910
437686911
437686912
4574835864
226055333
431246535
226055539
226055534
226055539
431246533
226020160
226020165
246450856
246450854
246450860
246450853
246450860
246450862
226020192
246450868
246450864
246450868
246450866
246450865
246450866
226013925
246456436
226013925
246456448
246450863
246450869
226013953
246456432
225015254
246456434
225048282
225015255
246456430
246450869
226055631
246450869
246456430
246456432
3810555695
246456442
246456436
246456442
246456445
225065511
4490415435
225015249
225015252
221942709
221942707
443846320
443846306
226055604
225048282
225048286
3810555693
226055567
3810555693
226055604
443846306
246456434
443846324
443846320
443846324
221942709
246456424
246456421
246456424
246456419
246450873
246450875
246456417
246456411
246456403
246450880
246450878
246450877
246450876
246450875
8930533129
2036844162
246450876
246450877
2777679596
246456389
2036844162
246456389
3468181947
225048269
246450881
246456403
246456405
246456411
246456403
246450881
246450880
246450878
2777679594
2777679596
2777679594
3468181947
3468181946
583470092
246453400
226013947
246456468
246453428
246450825
246450821
246450822
246450824
246450825
246450826
246453430
246453428
226020206
246456365
246456468
583470092
583470086
246456464
246456461
246456365
246456461
246456464
246456372
246456377
246456380
4490415435
225065511
246456445
3810555695
226013953
246456453
246456450
246456453
246456450
246456448
226013925
443846328
443846331
9347377203
225065509
225065510
443846332
443846328
443846332
9347377203
443846331
226020192
246450858
246450854
226020165
246450837
246450840
246450840
246450840
246450837
246450844
246450837
246450844
246450851
246450847
246450851
246450847
246450836
226055521
431246533
431246530
226055613
431246538
431246535
226025606
226025563
226025596
225986701
226025573
226020244
226020238
226020234
226020247
226020251
2186456432
226020244
226025573
226055349
226025567
226055349
226025596
226025594
226025590
226025587
226025582
226025579
191395222
226025579
225048305
225048303
8558459704
3810555683
8558459704
226055605
5282852429
226055605
443846308
443846293
443846308
5282852429
225048297
225048289
226055561
226055554
226055549
226055625
226013949
226025616
226025613
226025611
226025606
226055346
4574835861
437751517
437751520
437751523
437751526
437751527
437751110
437751123
437751110
437750573
440882795
437753768
226055307
4486697722
226055300
4486697722
8910220055
8910220031
8910220054
8910220055
226055307
437753768
437754692
437750132
437754692
437754694
437750564
437750562
8920601692
8920806380
8922342830
8920815863
437749605
8920815863
658977108
658977106
8922634528
8920815863
658977108
658977107
658977105
8922552382
225743718
437748429
8907901443
225743690
8907901443
8907901444
4580996933
8846541250
4580996933
8907901444
225743690
4487051942
225743769
31278805
