17052729
224956940
17052729
3213992672
224932993
224956859
224932998
4053507780
224933039
224933050
224932987
4053507772
4053507780
4053507772
224956767
224956780
2071047498
596642963
246713936
224911443
596643866
596643874
596643899
596643874
596644096
596642963
596642967
596642960
596642958
658951438
246713665
4659802003
658951436
224911467
658951437
224911467
596642939
224911467
596642939
4659802002
596642917
4552464063
4552464062
4552464067
4552464063
596642917
658951439
596642939
658951439
596642917
596642950
246713665
658951438
596642950
4659802002
4659802003
658951436
658951437
1314049521
658951437
1314049521
1314049490
1314049505
224911443
246713936
1314049496
1314049505
1314049490
1314049521
1314049524
596642960
596642958
2427378272
246713666
246659356
224957054
246713926
246713929
246713925
224957054
8878372076
224957054
246659356
246713925
596642995
2427378272
596642995
3205112269
596642967
3205112269
2071047495
224956950
224956940
8880659932
224933039
8880659932
224956859
246653210
246653206
246653205
246653216
246653210
246653440
246713227
246713218
246653208
246653204
246653578
246653205
246653574
246653205
246653206
596687756
246653442
246653438
246713204
246653437
246653436
246713207
246713202
246653437
246653436
246653601
246653607
246653601
246653607
246653594
246653427
246653415
1260357765
246653399
2886138592
246653593
246653584
246653582
2886138729
596687713
246653392
596687714
246653392
596687616
596687609
246653204
5294388527
246653577
246653574
246713210
246713213
246713210
246713213
246713208
596687747
246713205
246713203
596687740
246713202
246713207
4659430013
596687713
596687482
246653399
1260357765
2886138592
2919476952
596687482
246653427
596687482
2919476952
2886138729
596687714
246653587
246653588
246653582
246653588
246653589
246653584
246653589
246653587
596687714
596687617
596687610
596687609
246653213
246653208
246713217
246653216
246713217
246713218
246713217
246653578
246653577
2919476695
246713203
246713205
596687748
246713204
596687748
596687740
596687731
2919476695
596687731
5294388527
4659430008
4659430013
4659430008
596687616
596687617
596687610
596687612
246653213
596687600
246713232
2919476638
2919476638
2919476638
246713232
246713227
596687624
596687642
246653440
596687642
596687647
344873776
344873774
344873776
344874303
344874320
344874303
2882067741
596687647
2882067741
639341773
246658052
596687359
246653340
3212402316
596687339
246653379
596687346
246713995
246713992
246713750
4666695372
246713750
246713761
246713749
246713748
246660899
246660898
246713745
596687339
246713745
246713912
246713744
246653379
246713744
246713914
246713920
246713919
246713917
246713919
246713917
246713916
246713923
246713916
246713922
246713920
246713922
596687310
246653379
596687310
596687307
246713967
246713950
596687308
246713923
246713924
596687456
246713954
246713950
246713967
246713968
1260346461
246713996
1260346465
246713956
246713954
4659650595
246713985
2887201480
2887201480
246713985
9201323748
596687453
596687431
4305375678
4305375676
4305375676
4305375676
4305375678
4305375681
4305375680
4305375680
4305375680
4305375681
596687431
596687453
4305375662
246713985
4659650595
4659650594
9201323748
4659650594
596687456
596687308
596687307
596687310
596687309
246713967
596687309
596687346
596687338
4656610918
246653340
2882067748
596687566
596687561
246653372
246713245
246713245
246713245
246653372
246653341
246653338
2885724300
8553307641
596687561
596687603
246713278
246713274
246713240
246713275
246713274
246713275
246713278
596687603
596687612
596687610
4659430020
4659430021
596687612
596687603
596687600
596687566
2882067748
639341773
2882067748
8553307641
3212402316
2885724300
246653338
8928577798
2881973064
2885724319
246658052
596687359
4656610918
596687338
246713748
596687341
2864735195
596687341
2864735195
246713758
9246558971
246713761
4666695371
4666695370
246713749
246713753
246660901
246660899
246660901
246713753
246713754
246713754
246713753
4666695369
4666695370
4666695371
4666695372
246713751
4666699107
4666699107
4666699107
246713751
596643064
246659257
344878215
246659257
596643064
596643015
246713666
246713984
246713983
246713981
246713980
246713958
246713979
246713961
246713957
246713956
246713957
246713991
246713962
246713964
246713964
246713964
246713962
246713969
246713968
2887717452
2887717447
2887717452
2887717447
246713995
246713992
246713993
246713969
246713962
246713970
246713977
246713978
246713977
246713978
246713958
246713980
246713979
246713961
2887201490
2887201473
246713991
246713957
246713987
246713982
246713990
246713981
246713990
246713982
246713987
2887208481
246713983
246713984
3803517638
596687296
246659352
246713701
246713699
246713701
246713699
246713680
246713676
246713678
246713676
246713680
246713678
246713684
246713686
596687303
596687302
596687296
4305375682
596687453
4305375662
3803517638
596687302
3803517638
246713984
246713666
596643015
596643064
596643015
596643010
8878372077
224956950
8878372077
8878372076
596643010
344878216
246659257
344878216
344878215
344878150
4666695373
246660901
4666695373
4666695369
4666695373
344878150
344878215
344878150
344878198
596643096
596643092
596643089
596643082
596643026
224956767
3213992672
224932993
596643295
110468317
596643295
596643325
344878439
596644508
224911569
596644508
8894840544
596644501
596644499
224911569
596644510
344878492
596643325
3220478424
596644510
3220478424
596643297
596643299
596643287
596643190
596643186
596643165
596643158
596643155
596643031
596643018
246713926
3204759397
246713929
596642992
2071047498
596642992
596643008
596644096
596644076
596643054
596644076
596643899
596643907
596644100
596644076
596644100
596644104
596644128
596644233
596644128
596644130
596643054
3204759397
596643008
3204759397
596643031
596643018
596643026
596643082
596643155
596643089
596643092
596643103
596643096
596643103
596643133
596643289
344878198
596643289
596643287
596643299
596643292
596643190
596643292
596643304
596643297
596643304
596643196
596643186
596643185
596643133
596643185
596643158
596643165
596644244
596643207
596643196
596644499
4666836983
596644273
596644269
596644285
596644269
4666836982
596644501
4666836982
4666836983
596644273
596644284
596644285
596644284
596644290
596644244
596644229
596644239
596644233
596644133
596644104
596644133
596644303
596644183
596644186
596644183
596644199
596644201
4666805386
596644168
596644170
4666805385
596644199
4666805385
4666805386
596644201
596644186
596644306
596644303
596644308
596644240
596644236
596644309
596644306
596644309
596644308
596644240
596644239
596644240
596644278
596644274
596644275
596644280
596644236
596644280
596644278
596644274
596644290
596644288
596644285
596644288
596644275
596644343
596644631
598409708
598410083
596644597
596644343
596644597
596644518
596644602
596644597
596644602
596644625
596644624
598409907
598409708
598409907
598410083
596644625
4666838658
596644607
3217883861
110468317
344878559
344878552
292453994
8893414033
8893413893
8893439046
8893439047
8893413893
8893414033
8893414034
598409907
8893414034
596644624
4666838657
4666838658
4666838657
596644709
344878552
596644709
596644607
3217883861
3217531024
596643345
3217531024
8894840542
596644518
8894840544
8894840542
3228322106
596644508
3228322106
596643345
596643325
344878492
622793732
596688731
3215661885
344878439
3215661885
3215661890
596688731
8894840937
596688721
596688737
596688721
1957011776
659719623
596688689
596688654
596688642
344874969
596688590
596688640
596688616
344875006
622788595
344874750
344874749
344874748
344874747
344874745
344874462
640861833
596688553
596687699
596687698
596687698
596687698
596687699
344874459
640861840
596688553
640861833
640861840
344874459
344874428
344874381
344874394
344873774
344874383
344874381
344874383
344873773
344874578
344873773
596687942
8881168705
596687942
596687951
596688144
344874578
344874462
1763345734
344874462
344874745
344874747
596688756
596688760
344874748
344874776
622788593
596688530
344874778
344874431
344874849
344874747
344874849
344874776
344874778
344874780
344874434
344874431
596688526
344874428
344874437
344874394
596687667
596687660
596688429
344874320
596688626
344878857
596688660
596688637
596688618
596688624
596688482
596688480
596688470
596688428
596688470
596688457
596688436
596688421
596687660
596688429
596688428
596688464
596688421
596688464
596688457
596688436
596688449
596687667
596688449
596688451
344874437
344874428
596688526
596688451
344874434
344874780
596688529
596688530
596688533
596688532
596688529
596688532
3015640419
344874970
344874969
344874970
622788596
596688545
596688533
596688545
596688538
622788593
596688538
596688537
344875006
622788595
622788590
344875010
344874750
344874749
596688821
596688816
596688804
596688777
653993473
499452851
596688210
653993465
596688146
596688102
596688095
596688048
596688080
596688083
596687951
596688144
640861851
596688095
640861851
596688040
596688030
596688030
596688030
596688040
596688083
596688080
596688002
596688108
596688102
596688108
596688110
596688112
344874529
344874508
596687859
393565836
596687882
596687875
596687825
596687823
596687891
596687875
596687882
596687940
596687891
596687823
596687819
596687849
596687825
596687849
596687851
393565836
596688248
596688375
596688248
596688266
596687859
596687780
596687851
596687780
596687800
246653442
2919476683
596687748
2919476683
596687747
596687756
596687809
344874529
344874528
596688282
344874465
344875264
344875236
499454572
344874465
596688282
344874508
596687800
596687809
653993891
596688112
653993468
499454572
344874528
596688282
596688266
596688353
344875264
4659484168
344875266
596688910
596688353
596688375
596688409
596688382
596688375
596688382
1262306736
1262306704
1262306704
1262306704
1262306736
596688382
596688409
596688417
596688401
596688967
596688420
596688417
596688401
596688910
596688904
596688901
344875266
596688901
344875268
622793742
344875231
344875269
344875140
622788579
344875229
344875228
622788585
344875098
344875097
344875094
344875010
622788590
596688847
596688673
596688616
596688608
596688537
596688608
596688590
622788596
596688572
596688533
596688572
3015640419
3015640447
596688577
596688578
596688624
596688618
596688626
344878857
3214535666
596688742
224933053
224933050
224933053
4053511294
344878921
596644706
596644582
3215689189
596643387
596643391
596643389
596643382
596643380
596644576
596644549
344878916
344879034
596643376
596643363
596643346
344879034
596643381
596643380
620534405
596643389
596643441
596643398
596643382
596643385
596643376
596643396
344875278
344875224
596643359
596643356
344875228
344875271
344875270
344875140
344875269
344875231
622788579
596688959
596688872
596688874
596688872
596689009
596689008
596689009
596689008
596688959
596688925
596688939
596688925
596688939
596688874
596688868
596688784
622788594
622788587
596688879
596688868
622788588
622788589
596688879
622788589
622788587
622788594
344875094
344875097
622788586
344875097
344875098
622788591
596643364
596643347
596643346
596643337
596688745
596688742
3215661890
596688742
3214535666
622793732
8894840937
596688737
596688743
596643347
8894840995
1957011776
8894841012
622788591
622788592
344875097
622788592
8894840988
659719623
622793743
622793732
622793743
596688671
596688628
596688637
596688660
596688656
622793741
622793741
596688656
596688671
596688628
596688642
596688640
3015640427
596688654
596688689
3015640433
596688684
596688676
596688848
596688847
596688848
596688684
596688676
596688673
3015640427
3015640433
8894840988
8894841012
8894840995
596643347
596688743
596688745
596643337
344878916
596644549
596644580
596644576
596644580
596644588
596644584
596644582
596644706
596644694
620532045
596644694
4550018480
596644787
596644740
596644712
596644740
596644712
596643387
596643456
596643446
596643391
620534406
596644584
596644588
620534405
620534406
3215689189
620532045
4550018480
596644787
596644777
596644787
596644777
596644731
596644790
596644790
596644731
596644721
596644747
596644815
5312830365
5312830365
5312830365
596644815
596644747
596644721
596643456
596643446
596643441
596643398
596643402
596643385
596643381
596643385
596643402
596643396
596643392
596643359
596643358
344875224
596643358
596643355
344875271
622788582
596688998
596688997
622788583
596688972
596688981
596688967
596688904
596688979
596688981
596689014
596688997
622788583
596688972
596688976
596688420
596688976
596688960
596689158
596689101
596689166
596689101
596689106
2629884308
596689166
596689177
596688960
596689177
596689182
224964869
224964907
224964869
5051562869
344877827
224964907
622788580
596689185
596689182
596689185
622788583
622788584
622788580
622788584
596688998
3678793803
596643355
596643358
596643506
3678793803
596643355
596643356
596643393
596643364
596643363
596643392
596643393
622788585
622788586
344875229
344875270
596689012
596689014
622788582
596689014
596689012
596688979
344875269
344875268
596688901
596688902
596688812
596688810
596688812
596688816
596688804
596688778
596688760
596688778
596688779
596688756
596688779
596688777
596688813
596688810
622793731
344875266
4659484168
4659484169
344875236
4659484169
622793731
596688902
622793742
596688821
596688816
596688813
596688810
596688242
499452851
653993473
1765456998
344874745
1765456998
1765456988
1763345734
596688146
653993465
653993466
653993467
596688242
653993468
653993467
596688110
653993892
653993891
653993892
596687942
2122159570
8881168705
8484009968
224932987
8484009968
17052729
