29237095
213573452
29237095
2485523831
213573435
213573431
213573348
213573320
31699859
31699858
31699857
31699856
224546999
31699856
213573319
31699856
224546974
213573273
213573211
224546975
31699857
213573308
3922293886
209396025
224547073
224547068
224547065
224547007
224547059
224589149
224547065
224589149
224589147
224547068
224589147
224547089
224547073
224547080
224589139
224547080
224547084
224589131
224547084
224554295
213590729
209396025
213573319
213573308
213573316
31699858
213573292
224546975
224546974
224546975
213573292
213573214
213573211
213573304
213573295
213573214
213573218
213573209
31699859
31699860
213573517
213573320
213573316
9416803566
213590582
611541637
213590593
611541637
9421636720
213590587
213590584
213613414
213573501
29237095
213613419
213613414
213613411
213573520
32584106
213573462
213573458
213573454
213573452
32583673
29784714
29237097
2485523843
213573472
29452649
5416283756
5416283762
213573342
213573340
29784055
213538747
29784055
32583859
29784055
1704789512
213538706
29517075
29796836
29783878
213476672
29783878
213486211
29796838
213533472
213533465
213486211
213476667
213476660
29796838
213533475
213533472
213533475
29796840
29796842
29796840
213476640
213476629
213476614
29796842
213480255
213480255
29796842
213476584
213476586
213476586
213476584
31461030
213476614
213476629
213476631
2512252524
213476631
213476640
213476657
213476660
213476667
213476672
213476674
29517075
213538754
213486197
213476674
29796836
213486214
29783878
213486214
213462310
213462304
213462314
4112906125
213462169
213462174
4112906125
213462174
213462321
213462314
213462321
213462323
213462304
213462323
213462319
213462310
213462319
213461409
213461415
213461400
213462337
213462343
213462351
213462343
1846276663
213573033
213573018
213572985
213461415
213461421
213461429
213461421
2397329601
213572989
213572985
213572989
4124559667
213573138
213573172
213573132
213573037
213573033
213573037
213573047
213403985
611533052
213432652
612118968
612118955
611533052
8649142332
213422636
920716160
920716189
920716189
920716160
213422636
8649142332
612118955
213403980
213403973
614001095
213403973
213403995
213403973
213403980
220840422
213403980
220840422
262255004
213573273
9110971247
98427837
220840419
98430305
281968560
213369716
213369713
32124363
32124362
9379062708
32124363
32124365
3662394698
8636183338
3662394698
8635761624
258575019
32124363
213369713
213369719
213369555
32124365
32124366
32124367
213369724
213369548
32124366
213369545
8636183333
213369545
9376868200
32124367
32124368
213369803
213369724
4134085884
213369799
213369548
213369555
213369559
213369560
2091442138
213403995
213403990
213369799
4134085884
213369806
213369803
213369731
213369823
615094680
32124368
213369569
9376868200
213369569
258568112
615094680
213369823
213369731
213369820
213369806
4134085884
3516185242
213403990
213403995
213403990
213369799
213369559
213403988
213369719
213403988
213376988
213369716
1867569463
220785224
213376988
220785224
493849849
220785279
220785263
220785265
220785338
220785307
220785302
220785296
220785294
220785030
220785024
220785019
220785016
220785011
4740528977
4740528976
615094624
4740528976
1767750220
220785256
220785016
220785256
1767750219
220785019
220785024
220785326
220785294
220785353
220785035
220785030
220785035
220785040
220785053
220785058
220743706
220785416
220785414
220785053
220785058
220785063
220785068
220785072
220785068
220785251
220785447
220785063
220785447
220785451
220743706
220785451
220785457
220785233
220785424
220785229
220785394
220785365
220785307
220785311
220785370
220785365
220785362
220785229
220785389
220785357
220785296
220785330
220785326
1767750219
1767750221
220785263
220785332
220785302
220785362
220785357
220785353
258579373
220785040
258579373
220785384
220785414
220785384
220785389
220785419
220785416
220785419
220785424
220785419
220785457
4930747584
220785251
220805860
220785072
220785077
220785083
220785077
220805890
220805860
220805866
220805636
220785233
220785458
220785461
220785430
220785394
220785400
220785370
220785375
220784679
220784686
220784679
220785321
220785315
220785178
220784665
224589293
220785349
220785321
220785349
220785178
220784665
220785291
220784665
220785270
220785265
220785284
220784712
220840448
220840433
220840448
220840433
220840373
220840416
220840416
220840373
493849849
1767750222
220785276
1767750221
220785330
220785332
220785338
220785343
220785178
220785315
220785311
220785343
220785270
220785286
220785284
220785279
220785276
1767750222
1767750220
256106263
9379062707
32124362
281967406
281968065
220743734
8635761613
220785011
8635761613
615094624
4740528983
281962290
8633734430
1867569490
98430305
1867569490
3633038968
220743734
3633038968
3659305791
258575019
3659305791
8636183345
3662394699
1743299002
1743299003
8636183334
3446927170
281966203
1743299006
1743299003
4096463889
220743779
3719318454
220743782
4679746937
220743782
220743788
220784996
220784859
220784733
220784738
220784743
220784749
220784753
220784789
220784826
2565136702
220784749
220784856
220784852
220784753
2565136702
220784826
220784864
220784869
220784948
220784880
220784948
220784893
3892544817
3892544814
608869321
3892544821
3892544814
3892544815
608869324
608869297
220784669
2627588083
220785090
220785086
220785083
220805930
220805890
220805894
220805866
220805873
220805641
220805636
4930747584
220805636
220805641
609404817
220785458
609404817
220805643
2925075082
220785461
220785430
2925075079
220785183
220784690
220784686
220785405
220785183
220785405
220785375
220785315
220785375
220785405
220785400
2925075079
2925075082
220785474
220785183
220785474
220805644
220805643
220805877
220805873
220805901
220785128
220805952
220805956
256099228
220805932
220805925
220805894
220805901
220805906
220805877
220805881
220805645
220805644
220805645
220805647
220784701
220784690
220784701
220784708
220805647
220805884
220805757
220784708
220805757
220805921
220805914
220805884
220805881
220805910
220785189
220805970
220785194
220785160
2185825247
220805952
220805997
220785160
220806031
220806025
220785133
220839611
220839607
220785171
220785170
220839622
220839617
220839614
220839611
608869294
220785133
220840288
220839614
220840288
220840294
220839617
220840294
220839638
220839622
220839638
220785166
220785220
220840353
220839917
220785170
220840348
220785166
220839640
220785166
220840348
220840353
220840358
220805851
220785220
220839642
220785215
220785204
220785194
220806005
220805975
220805809
220805937
220785189
2185825249
220785128
256098642
220805932
256098642
220805956
220805991
220805997
220806011
220806010
220805961
220784669
257842731
257842071
257842731
257842071
220785095
220785090
220785086
220805943
220805940
220805930
220805925
220805947
220805940
220805947
256099228
220805947
2627588080
220805991
220806010
2627588081
2627588080
3848497592
220805943
3848497592
2627588083
2627588081
220806010
220805961
220806025
220806011
611533014
611533014
611533014
220806011
220806025
220806031
220839640
220806031
220839640
220839645
220785215
220785204
220840314
220840322
220805980
220805834
220805809
4987541572
4987541570
220805921
4987541570
220805937
220805914
220805910
220805906
2185825249
2185825247
220805970
220805975
220806005
220805980
220840322
220840324
220840314
220840324
220805846
220805834
220839662
220840338
220805846
220839655
220785215
220839645
220839642
220840299
220805851
220839639
220840303
220839658
220840338
220839658
220839655
220840299
220840303
220839639
220840363
220839926
220839671
220805794
220839929
220839932
220840278
220839671
220805855
220805728
220785171
220785173
220839585
220839570
220785140
220839565
220785115
220839581
220785140
220839529
220805653
220839526
220805657
220805665
5306391106
220805665
220839549
220805665
220849143
220839556
220805723
220839545
220805657
220805708
220805707
220839526
220805707
4664499639
4664496652
220805692
220785115
220839565
4664499638
220805653
4664499638
4664499639
4664496652
220805704
220805703
220785095
220805703
220785110
608869297
608869294
608869297
3892544818
608869321
4968658666
4968658664
4333620092
220839504
612761448
612761426
243077429
2092906753
224618442
224618444
224618454
237627888
237627895
237627913
224618468
224618472
258825907
237627885
237627913
237627885
258825308
237627882
220805685
220805680
224608817
220805680
224603562
224603500
224603495
220805733
220849165
220840115
3147713009
220840126
220840151
220840147
220840151
220849249
220839969
220849256
220839964
220839961
220839955
220839949
220839948
220839942
220839932
220839942
220839678
220840267
220839949
220839955
220839961
220839964
220840226
220849253
220840147
3146515144
220805857
220840243
220839540
220839534
220805723
220839547
220805857
220840238
220840226
3146515144
220840126
3146515144
220839562
220839547
220839540
220839575
220839590
220839585
220839581
220839597
220839594
220805692
220839594
220839517
220805704
220839517
220839604
220785110
220839604
220839607
220839597
220785173
220839599
220805728
220839917
220839922
220840358
220840363
220839926
220839922
220805855
220840276
220839599
220839590
220840273
220839678
220840278
220840276
220840273
220840262
220840243
220840249
220840238
220840249
220840267
220840262
220839575
220839570
220839534
220839529
220839545
220839549
220839556
220839562
220849134
220849140
220849143
220849140
220849134
1453993960
220849148
220849158
220849165
220849158
3147713009
220840161
220840156
220840151
220840156
220849203
220849182
220840161
220840166
220805741
3162251132
220805733
4639472083
4639472081
224603495
220840201
220840170
220805741
220840210
220849194
220840166
220840115
3162251132
220840201
243886351
220840170
224608828
220840210
258823017
220849198
220849188
220849208
220839969
220839999
243076075
243076081
243076081
243076081
243076075
220839999
220839969
220849256
220839964
220849256
220849253
220849249
220849203
220849208
220849188
220849182
220849194
220849198
258823017
224608834
224603549
224603554
243886351
224603500
224603505
224603510
224603505
224603582
224603595
224603582
611532972
220805685
611532972
224603597
224603595
224603515
224603510
243886353
224603576
220849223
258812508
224603549
224608834
224608828
224603554
224603576
220849223
224603590
224603515
224603590
243886353
243886351
224603500
224603562
4639472081
224608817
5306391106
4639472083
5306391106
3979590023
220805708
3979590023
237627882
258825308
258825874
258825907
258825874
258825801
4711048522
224618472
224618468
2092906767
237627895
2092906767
224618454
224618444
276370494
3786953566
2092906753
276370494
3846629764
3846629762
3833125649
3892555752
3846629764
3846629762
3786953566
3782417164
220839504
3782417164
243077429
3782417160
224618442
3782415355
258868515
258868515
3782415355
3782417160
612761426
612761448
5195041744
5195041744
612761448
4333620094
4333620092
4333620094
4968658664
4968658666
3892544818
3892544815
3892544817
220784893
220784880
220784869
220784864
220784789
220784854
220784970
220784852
220784856
220784930
220784743
220784930
220784980
220784859
6924501641
6924501641
6924501641
220784859
220784980
220784738
220784733
4934031164
220784996
4934031164
4679746935
220743788
4679746935
4679746937
3446935215
220743779
4740528981
4740528979
4740528977
4740528979
4740528983
4740528981
220743779
2404296699
1743299002
2404296699
4096463889
6151922584
3446935215
6718629089
3446927163
3446927170
3446927166
8636183335
8636183333
8636183337
3662394699
8636183334
8636183335
8636183337
8636183345
8636183338
8636183337
8636183335
3446927166
3905446397
3832080466
6718629089
3832080466
4941326465
5071727074
6718629090
5303630347
7280816105
4491277172
5346540248
7280816105
5071727074
7280816105
4491277172
4941326468
3905446397
3446927163
4892732302
6151922584
4892732302
5276382391
5276382390
220840428
5276382390
5747453381
281967406
281968065
256106263
1767750220
1767750222
1867569463
281968562
281968560
281968562
256106263
9379062707
9379062708
220840428
220840422
262255004
224554441
215084065
1876924190
217815896
4357618891
1876924189
1876924192
1876924191
1876924193
1876924189
1876924190
1876924182
1876924190
8652967304
98427827
224554458
98427837
224554458
224554370
215084075
213613401
213590729
213590603
213590582
611533062
213590596
213590593
9421636720
213590713
32584106
213590609
213573465
213573462
213573506
213573503
213573458
213573520
213573501
213573454
213573499
32583673
29784714
31278731
30453271
30453651
213573495
29784714
213573495
213573499
213573503
2363761681
30453651
2363761681
4353290629
209370661
209370655
209370651
209370590
209370588
30453543
30453387
209370671
30453387
209365112
31278760
31278759
1247501871
31278814
1247501871
209365060
30453387
209365060
31278760
209365079
31278840
31278839
31278762
30453543
30453403
209370636
209370588
209370590
209370651
209370636
6720067039
209374814
209370655
209370661
9421636787
209370590
209370671
4686973304
2365943032
282143635
4515093894
2185062802
282143613
4515093889
282143637
282143651
213590652
213573535
611533074
213573510
209370661
4587061860
9421636787
4686973304
4587061865
4587061860
4587061865
282143651
2365943032
282143635
282143647
282143649
214010481
3998130650
217752927
217752923
217752920
217752919
217752912
217752911
3167658891
217752897
217752999
217752914
217752999
217753013
217752915
217753013
217753012
217752911
217753005
217753002
217752920
217752923
217752936
217752930
217752939
217752942
1768204849
1768204847
3998132857
1768204847
3998130656
3998130650
3998130656
3998132857
2185062846
1768204849
1768204847
1768204850
217752942
1768204850
1768204851
217752939
1768204851
1768204852
217752927
1768204852
217752930
217752936
3920515457
3920515459
3920515458
3920515457
3920515458
217753002
217753005
217752919
217752912
217752918
217753012
217752918
217752915
217752914
1065133502
31278758
1247501848
31278814
1247501857
31278759
1247501857
1827633370
1247501886
31278758
1247501839
1247501886
1827633370
1247501848
1247501869
214010481
1247501869
1065133502
214010481
282143649
4333074180
2185062802
4333074180
4515093894
4515093889
4515093900
282143613
4515093900
9459004961
29583121
4335027787
9459004971
3919712589
217815998
217816009
217815998
6720103159
3919712589
6720103159
3919712588
215083970
217816014
217816009
217816016
217815983
217816032
217816037
217816037
217816037
217816032
217816028
217816016
217816028
217816014
215083970
306534273
215083968
215083966
215083964
3921013959
215083964
217815777
217815774
3997960209
217815760
217815757
3997960210
217815760
3997960210
3997960212
3997960209
9459035079
9459035082
9459005015
217815777
217815783
217815549
215083966
4006214723
4357618891
4006214723
215083968
217815549
217815783
217815544
217815828
217815823
217815535
3383490192
217815828
217815823
217815817
217815788
217815544
217815788
9459005015
9459035082
217815774
4504628984
3921013959
8633478525
1876924193
4504628990
217815757
4504628990
1876924193
8633478525
4504628984
4504628990
1876924191
1876924192
8652967305
2133239436
8652967304
8652967305
2133239436
1876924186
229274881
229274857
229274841
229274832
5414072718
229274841
229274832
1600530571
5414072718
229274881
229274857
229274867
1600530655
224554370
1600530655
4344061991
229274867
1876924187
1876924186
1876924182
4599405860
1876924187
4344061991
4599405861
4592491777
224554453
224554441
262255004
224554441
224554453
4592491777
224554453
5543022530
213613401
611533058
611533062
611533058
213590603
3922293886
9416803566
9416837454
213573348
213573431
213573517
9416803547
31699862
31699861
31699860
31699861
8647149786
213573202
32584111
213573223
213573206
213573209
213573206
8647149786
213573202
213573329
213538715
32583859
9400483422
32583859
213573336
213573329
213573332
31699864
31699862
9400483449
213573202
9400483449
213573332
213573344
213573336
213573340
213573342
213573344
9400483473
31699864
213573444
213573439
213573435
9416803547
213573444
9400483478
213573469
213573439
4515046651
213573448
29784717
29237097
2485523848
2485523847
2485523843
4515362256
29784717
32583673
213573452
213573448
2485523831
4515046651
4515362256
213573469
213573472
29452649
213573476
1846276665
213573483
213573476
213573490
4520704485
1765630398
31393536
213538747
31393536
213572955
29482318
5194500927
213572937
213572939
213572937
213572959
213538745
31393536
1765630398
213573490
1846276665
4520704482
1704419702
30453320
2485523858
30453322
29452652
2485523857
29452652
2485523856
31278731
2626203843
29452651
4520745137
209377834
30453569
3964969125
30453569
3964969125
1765630398
1765657071
5416283760
5416283756
5416283759
9400483473
9400483478
9400483473
5416283759
5416283762
5416283760
1765657071
213538747
213538741
213538745
213572970
305552757
213538770
305552757
213572965
213572939
213572953
3964969097
213538758
213486192
289446101
213486197
2512252526
213476672
2512252526
289446100
213486192
2512252524
2512252525
213476657
2512252525
2512252526
289446100
289446101
289445691
213538758
289445691
213538754
9166075967
213538706
9400483431
213538684
213538735
9400483431
213538735
213538723
213461440
213461436
213461434
213461429
213573240
213573236
213461434
213461436
9398140238
213573228
213573223
213573218
213573290
9398140239
213573257
9398140239
9398140238
213573236
213573287
213573257
213573266
4310007577
213573259
224546985
224589165
224547036
224546988
9049398491
8647554451
9049398491
9110971247
8647554451
224546985
610184257
224546960
213573017
610184256
213573259
224546969
213573273
224546969
213573304
4310007577
4508215030
610184256
610184257
1311756112
224547014
224546960
2121562536
224546956
213432652
224589170
220784653
612119184
611533040
8649247272
611533040
8650973501
925787557
220785286
220785291
3928279961
220785291
3928279961
2863347431
1415477583
2863347431
1415477583
611533037
224554262
224547020
224547017
224547014
224554250
224554257
224547017
1313043831
1311756112
224589165
1345867850
1313043831
1311764314
224547020
224589339
1311764315
224589335
224589331
224589326
224547102
224547099
224547094
224547089
224589139
224589131
224554301
224554295
224589117
224589107
215084075
215084113
2185062826
215084113
224589110
224589107
224589110
224589122
224589117
224589122
224554301
2185062818
224547094
224589188
224547059
611541644
611541659
224547007
611541659
224546999
611541655
224546988
611541655
611541657
611541644
611541657
224547036
1345867848
224589184
3013615681
224547112
224547099
224554309
2185062818
2185062826
224589211
215084117
224589211
224554309
224554312
215084117
224554312
224547102
224589326
224547112
224589188
224589184
1345867848
1345867850
1345867851
224589335
224589331
3013615681
1345867851
1311764314
1311764315
224589339
224554277
611533036
611533037
611533036
224554262
224554257
220784653
8650973502
3928279961
8650973501
8650973502
3928279961
8650973502
220784653
224589170
612119029
306534573
306534573
612119029
612118968
8647314726
220840419
8647314726
262255172
220785126
614001095
262255172
220785126
220840453
220840470
220784712
925787560
925787563
220840453
220840470
925787563
925787560
925787557
8649247272
612119184
612119029
224589170
224554250
224546956
224554234
213573174
213573167
213573172
213573138
213573154
213573132
213573154
213573018
213573082
213462337
3198133437
3198133433
3198133433
3198133437
213462351
213573118
1846276663
213573082
1846276663
213573118
213573037
213573047
213573183
213573180
213573176
224554234
213573174
213573167
213573017
4508215027
4508215030
8651077246
213573296
4124559667
213573249
2397329601
213573240
213573282
213573287
213573282
213573249
4124559667
213573296
8651077247
4508215027
8651077247
8651077246
213573266
213573295
213573290
213573228
213461440
32584111
213538715
213538723
9400483422
213538684
9400483422
1704789512
213538741
213572979
213572970
213572979
9166075967
213538770
3964969097
213572953
213572965
213572959
213572955
29482318
209387100
209387156
3750100565
209377861
209377850
30453400
30453396
31278769
30453396
1734466805
4514575268
30453403
31278764
31278762
209365112
31278839
31278840
209365017
30453406
209386990
30453406
2563206341
127966227
664167871
3964969151
209387086
664167872
209386994
2563206341
209386994
209386987
9203266271
209386983
209386978
209386975
209386978
209386983
9203266271
209386987
209386990
31278764
31278769
437708595
828077363
30453400
828077363
437708595
2011708394
32585160
437712607
9203266279
209386975
9203266279
437712607
664167872
664167871
664167872
437712607
32585160
209386967
209386967
32585160
392111042
392111056
392111042
392111056
32585160
2011708394
2011708399
2011708399
2011708394
437708595
828077359
828077363
828077359
1765630406
1765630405
209377861
209377850
30453400
2485523864
2480804071
2485523862
29452651
209377823
30453322
209377823
2485523859
209377826
30453320
209377826
209377834
209377850
209377834
30453569
209377880
209377861
1765630405
1765630404
1765657072
1765630403
3750100565
1765630401
209377880
1765630401
3964969125
1765630398
4520704485
4520704482
4520704488
213573483
2485523855
2485523847
2485523848
2485523856
2485523855
4520704488
2485523855
2485523857
1704419702
2485523857
2485523858
2485523859
4520745137
2480804071
2485523864
2485523863
2485523862
2485523863
2626203843
1733718891
30453271
1733718891
6720067039
209374814
4353290629
213573506
213573510
213573465
611533073
213590706
213590616
611533072
213590616
213590620
932410128
214025302
6146526082
611541675
932410128
4592301960
9459004972
9459004971
9459004972
214025302
9439902720
6146526083
5058913212
3919712588
5058913212
217815896
4599405858
9439902669
4599405858
9439902721
6146526083
9439902720
9439902721
6146526082
9439902641
9439902669
4599405864
4599405860
4599405861
4599405864
4599405861
4592491777
4333521588
9439902675
4742446924
4742446924
9439902675
9439902669
9439902641
3921010942
611541675
213590620
213590733
213590736
213590752
213590616
213590752
213590596
213613430
213590736
213590745
213590736
213613430
213613424
213590745
213590738
213590733
213590620
213590643
213590696
213590693
213590648
213590643
213590648
213590706
213590648
213573535
213590680
213590693
213590680
213590674
213590652
213573535
611533074
611533073
611533072
213590609
213590721
213590593
213590721
213590713
213613411
213590587
213590584
9416837454
213613419
29237095
