109828183
109837398
2635397723
2635397724
109828183
604122907
604122906
604122937
226302415
604122946
226302415
604122946
604122949
604122942
604122949
604122942
604122958
457713968
226302433
226302443
1931763548
9687176960
457713966
226302485
226302495
226302502
457712292
457712294
226302520
604123293
226302525
9686799674
226302525
9686799520
1077245091
604130700
604130705
604130708
604130709
604130709
604130709
604130708
369602337
369602218
369602220
369602220
369602220
369602218
369602337
369602506
604130721
604130737
604130737
604130737
604130721
369604707
369602506
604130749
604130761
604130761
604130761
604130749
369602515
369602422
369604066
369602422
604130776
604130777
604130776
604130777
369602753
604130810
369602753
369602798
369602809
369602809
369602809
369602798
369602788
369602789
369602789
369602789
369602788
1066411113
369602942
369602942
369602942
1066411113
1066411252
369604110
369604066
369604110
1066411252
369602419
369604587
369602419
369604587
369603022
369602558
604130654
604130652
604130654
604130652
369602627
369602618
369602627
369602618
369602538
369604907
369604907
369602538
369604707
369602538
604130732
604130733
604130732
604130733
369602554
369602601
369602554
369602601
369602558
369603022
369603023
369604578
369603023
369603077
369603023
369603176
369601853
369603176
369603173
369601853
369603173
369603164
369603163
369603160
369603167
369603164
369603167
369603163
369603160
5208283251
369601775
369603093
369601775
9687150018
604130629
604130576
604130565
369605023
604130573
604130616
604130580
604130510
604130507
604130500
604130504
604130534
604130504
604130511
604130500
604130507
604130506
604130499
604130492
604130455
604130462
298297635
604130458
604130443
604130477
604130397
604130397
604130397
604130477
604130443
604130442
604130388
604130388
604130388
604130442
604130439
604060284
604130366
604130373
604130375
604130374
604130366
604130374
604130375
604130373
604130439
604060284
604060287
604060285
604130372
604130371
604130371
604130371
604130372
604060285
604060287
604060274
604060264
604060265
604060264
604060265
604060263
604060273
604060274
604060273
604060258
604060254
604060256
604060257
604060258
604060257
604060100
604060097
604060215
604060211
604060213
604060215
604060097
604060084
604060080
604060082
604060084
604060082
604059707
604059700
604059706
604059707
604059706
604059724
604059722
604059721
604059687
369601557
604059741
604059733
604059733
604059733
604059741
604059746
604059748
604059746
604059748
604060569
581118893
581118894
581118906
933905478
581118961
933905478
581118961
581119125
581119130
581119125
581119130
581119132
581119173
581119132
581119173
581119164
298297636
4341870205
581119153
298297636
581119164
4341870205
581119153
581119162
581119201
581119226
3737029056
3737029050
3737029050
3737029050
3737029056
3737029068
298297639
1483907659
581113643
583068979
581096832
581096844
581096839
581096837
4485314328
581096837
581096846
597038532
581096851
583069951
576874806
583069939
581097522
583069777
581097540
581097216
581097204
581097209
298297654
5280589038
581097356
4483872139
581097297
581097296
298297656
369605254
298297656
581097397
298297656
581097397
581097296
581097297
597042730
597042726
597042713
369605254
369601869
369605254
369601869
369604233
369601869
369604245
369601864
3735384343
4318529968
369601864
597042699
369601860
369604226
369604226
369604226
369601860
597042697
597042699
597042697
369604191
369604190
369602882
369602878
3054402248
597038574
3054402248
597038574
597038576
369604233
369604245
369604233
597038576
597038574
3054402248
369602878
604130873
604130844
369602834
604130823
604130828
604130823
604130828
604130817
604130813
604130817
604130813
604130839
604130837
604130837
604130837
604130839
604130856
604130851
604130856
604130851
369602817
298297670
369602489
604130807
604130810
604130807
369602489
369602745
369604941
369604936
369604942
369604941
369604942
369604936
369602655
369602226
369602239
369602239
369602226
369602514
369602218
369602514
369602528
369602535
369602515
369602535
369602528
369602514
369602226
369602655
369605202
369602686
298297670
369602817
604130859
604130861
604130844
604130861
604130873
369602878
369602882
597038571
369604190
597038571
369604190
369604191
369604285
369604490
369604382
369604381
369604356
369604381
369604384
369602859
597038559
597038562
369602882
597038562
597038559
597038562
597038559
369602859
597044255
369602859
597044255
597044256
369602849
369602838
369604573
369602838
369604521
369602950
369602957
369602957
369602957
369602950
604130801
604130792
1075921302
604130801
604130792
1075921546
604130783
369604578
604130783
369604578
604130783
1075921546
604130792
1075921546
1075921302
604130801
369602950
369604521
597038544
597038545
369604567
369604567
369604567
597038545
597038544
369604521
369602838
369602849
597044256
597044255
597044256
369602849
369602873
369602872
369602873
369602872
369602860
369604573
369602860
369604353
369602859
369604384
369604352
369604353
369604352
369604350
369604348
369604350
369604397
369604356
369604390
369604397
369604390
369604357
369604348
369604357
369604440
369604382
369604440
597038592
597038593
597038592
597038593
369604490
369604285
3735386609
3735386609
3735386609
369604285
369604208
369604277
369604277
369604277
369604208
2626145512
2626145506
2626145512
2626145506
2626145505
2626145496
2626145505
2626145496
2626145495
2626145478
2626145468
2626145479
2626145479
2626145479
2626145478
2626145495
2626145478
2626145468
4318529968
3735384343
3735384344
4762655364
3735384344
4762655364
4762655365
4483872141
4762655365
4483872141
4483872139
581097356
581097397
581097356
5280589038
2626145534
2626145532
2626145532
2626145532
2626145534
2626145535
2626145535
2626145535
2626145534
5280589038
298297654
581097411
581097223
581097216
581097223
581097209
581097204
583069776
583069777
581097540
581097522
583069939
583069938
583069951
581096851
4485314328
597038532
581096846
581096844
581096839
581096832
583068979
581113643
1483907659
298297639
3737029068
3737028468
3737029052
581119189
581119187
581119175
4341870206
4341870205
4341870206
4341870210
4341870210
4341870210
4341870206
581119175
581119187
581119189
3737029052
3737028466
8369842176
8369842176
8369842176
3737028466
5280395812
5280395812
5280395812
3737028466
3737029052
581119189
581119187
581119175
806170651
581119061
581118969
581118943
581118929
581118927
581118927
581118927
581118929
581118943
581118969
581118984
581118993
581118984
581118993
581119061
806170651
581119077
581119069
581119069
581119069
581119077
4483831000
581113550
581113554
581119040
581119042
581119019
581119021
604060716
604060707
604060660
604060648
604060588
604060588
604060588
604060648
604060660
604060707
604060716
581119021
581119019
581119042
581119040
581113554
581113550
4483831000
604060791
369605147
369605142
369605126
4341870200
369605126
604060784
298297635
604130462
604130463
604130492
604130463
604130508
604130506
604130508
604130466
604130552
604130558
604130552
604130580
604130558
604130537
604130564
369605023
604130564
604130544
604130537
604130544
604130540
604130536
604060784
604060780
604060775
604060779
3735391626
604060779
3735391626
604060780
604060775
4341632908
3735387416
4341632908
3735387416
3491657179
4484721703
8586746933
8586746924
8586746924
8586746924
8586746933
9377753765
9377753765
9377753765
8586746933
4484721703
3491657183
3491657185
3491657185
3491657185
3491657183
4341870200
369605147
369605142
369605143
369604973
369605090
369604973
369604987
369604973
369605143
369605014
369605015
369605014
369605015
369605016
369605020
369604970
369605020
369604970
369605019
604130543
604130536
604130540
604130543
369605019
369605016
369604981
369604987
369604981
369605031
369605030
369605031
369605049
369604976
369603132
369603127
369603122
369603110
369603102
369603100
369603093
369603100
369603102
369603110
369603122
369603127
369603132
369604976
369603027
369603143
369603027
369603090
369603035
369603048
369603035
369603048
369603077
369603504
369603501
369603504
369603560
369603189
3471357897
369603189
3471357897
8264031969
369603193
8264031969
369603193
369603189
369603560
369603501
369603493
369603137
369603137
369603137
369603493
369603090
369603077
369603090
369603027
369603143
4418242871
369603148
369603143
369603148
369605108
369605113
369605108
369605113
369605114
369605120
369605114
369605120
2626145441
2626145437
2503434239
4762655372
4485329184
4762655387
4762655387
4762655387
4485329184
4762655372
2503434239
2626145437
2626145441
2626145437
2626145441
369605120
369605114
369605113
369605108
369603148
4418242871
369605057
369605008
3418330703
3418330699
3418330703
3418330699
369605010
369605008
369605050
369605098
369605010
4485329174
369605011
4485329174
369605011
369605090
3418330698
369605101
3418330698
369605101
369605098
369605050
369605059
369605057
369605059
369605049
369605043
369605030
369605032
369605043
369605032
604130565
604130576
604130578
604130573
604130578
604130629
9687150018
9687150033
369601775
5208283251
9687150033
604130644
604130611
604130610
604130623
604130610
604130616
604130623
604130611
604130644
1849293386
604130613
604130589
604130510
604130589
604130534
604130518
604130511
604130518
604130659
604130531
604130528
604130598
604130589
604130613
1849293386
9687149898
5422112400
1077244896
604130613
1077244896
5422112391
1077244896
4484742764
5422112396
4484742764
7699566009
604130598
7699566009
5422112396
5422112391
5422112407
604130700
8617199983
5422112397
604130705
5422112397
5422112401
5422112400
9687149898
5422112401
8617199983
5422112407
5422112391
5422112407
604130700
1077245091
9686799520
9686799674
604129230
604129246
604129230
604129234
604129235
604129252
604129246
604129239
604129240
604129257
604129252
604129257
604129261
604129235
604129261
604129262
604129260
5416300061
5416300061
604129260
604129262
604129261
604129235
604129234
1929827945
1929827945
604129234
604129230
9686799674
9686799520
1077245091
604123293
226302520
9687177257
226302502
226302495
457712303
457713965
457713966
9687176960
9687176950
457713965
9687176950
1931763548
226302443
226302433
457713968
604122958
604122942
604122958
1946982628
604122949
604122946
1522573970
226302415
604122937
604122906
604122907
109828183
