109828183
9674454095
6044879337
9674454166
9674454088
6044879331
604122906
9678584302
9678584111
9678584112
604122937
604122906
604122937
9678584114
9678584102
9678584104
9678584258
9678584109
9678584260
604122946
226302415
9678584259
9678584254
9678584111
9678584254
9678584255
226302415
604122946
9678584257
1522573970
9678584255
9678584257
9678584256
9678584260
9679867350
604122949
9679867331
9679867327
9679867350
9679867349
9678584256
9679867349
9679867351
1946982632
1946982628
9679867391
9679867394
9679867330
9679867352
604122949
9679867352
1946982628
9679867352
9679867351
1946982632
9679867393
9679867391
9679945947
604122958
9679945946
604122958
9679877252
9679877132
9679877252
9679877251
9679867394
9679877251
9679945947
9679867408
9679867393
9679867408
9679877131
9679877128
9679877150
457713968
226302433
9679877204
9679877142
9679877147
226302433
457713968
9679877260
9679877128
9679877150
9679877144
9679877204
9687176998
226302443
9687176897
9687176885
9687176913
9687176963
9687176913
9687176996
9687176897
9687176993
9687176995
226302443
9687176995
6133541960
9689503585
9687176993
9689503638
4484742778
5225470312
5225470311
5225470313
5225470314
5225470313
9687176911
5225470312
9687176911
9687176912
5225470314
9687176935
9687176927
9687176923
9687176927
9687176923
9687176979
9687176914
1931763548
1931758747
9687177087
1931758747
9687176962
9687177121
4668310766
9687176864
4668310766
9687177172
457713966
9687177164
457713966
9687177170
7405783442
9687177140
7405783444
7405783446
9687177148
226302485
9687176850
7405783442
9687176850
9687177152
9687177151
9687177152
9687177162
9687177164
9687177163
9687177122
9687176864
9687177096
9687176960
1931758747
1931763548
9687176966
9687176950
9687176956
9687176960
9687177096
9687177123
9687177122
9687177123
9687176956
9687177087
9687176966
9687176963
9687177312
9687177324
9687177312
9687177327
457713965
9687177327
9687176950
9687177327
9687177302
457713965
9687177325
604130425
9687177298
9687177276
9686723601
9686723603
457712303
9686723600
457712303
9686723604
1950848817
9686737483
1950848817
9686737439
226302495
9686737449
5272893878
5272893879
9686737446
5272893879
5272893880
5272893881
226302495
9686737443
9686737436
9686723597
9686723598
457712303
9686723603
9686723602
9686723599
9686723600
9686723596
9686723598
9686723597
9686723604
9686723601
9686737483
5225470262
5225470272
5225470264
5225470273
5225470264
5225470270
5225470271
5225470270
5225470271
5225470262
9686737483
9686737438
5272893881
1950844046
604130434
9686737462
5225470261
9351835115
5225470261
5225470274
5225470272
5225470274
5225470273
9351835115
9351835113
9686737462
9686737438
9686737439
9686737436
9687177247
9687177239
9687177240
226302502
9687177238
457712292
457712294
9686769892
226302520
9686769893
9686769902
9686769900
9686769901
226302520
9686769892
9686769898
9686769887
9686769888
604123293
226302525
9686799566
9686799563
9686704179
5212385645
9686799577
226302525
9686799571
9686799520
1077245091
604130700
604130705
5691007121
604130705
5422112397
5422112401
5422112397
8617199983
5422112401
8617199981
4418235754
4418235755
1077244882
4418235755
5691007121
8617199988
604130708
369602337
1077244911
369602337
9678789936
369602218
2626145570
369602514
369602226
369602239
369602239
369602239
369602226
1073056866
369602655
369605202
9678789939
369602686
298297670
369602489
604130807
604130810
604130807
604130810
369602493
369602753
369602493
2626145562
369602489
2626145562
369602745
369604941
369604936
369602655
369604936
369604942
369604941
369604942
369604941
369602745
2626145562
369602493
2626145560
2626145555
369602830
604130828
604130823
604130828
604130823
369602834
604130844
369602834
597044249
369602849
597044249
597044256
597044255
597044256
597044255
369602859
597038559
597038562
597038559
597038562
369602882
369602878
3054402248
369602878
604130873
604130844
604130861
604130873
604130861
604130859
369602817
298297670
369602817
604130851
604130856
604130851
604130856
4418284159
2626145560
4418284159
604130839
604130837
604130837
604130837
604130839
604130813
604130817
604130813
604130817
369602830
2626145555
2626145554
369602788
369602789
369602789
369602789
369602788
369602798
369602809
369602809
369602809
369602798
369602753
604130777
604130776
604130777
604130776
369602422
369604066
369604110
369604066
369604110
1066411252
369602419
1066411252
4418284175
1066411113
369602942
369602942
369602942
1066411113
4484672022
369602788
4484672022
4484672021
4484671682
4484672006
4418284175
1066411113
4484672028
4484672006
4484672028
4484672021
4484671682
1077244905
369602957
1077244905
369602957
369602950
369601855
369602950
7455296435
7455296326
7455296431
7455296435
7455296326
604130801
604130792
1075921302
604130801
1075921302
1075921546
604130792
1075921546
604130783
369604578
604130783
369604578
369603023
369603022
369604587
369602419
369604587
369603022
369602558
604130654
369602558
369602601
369602554
369602601
369602554
2626145579
604130733
604130732
604130733
604130732
369602538
369602618
369602627
604130652
604130654
604130652
369602627
2626145582
369602618
2626145582
2626145579
2626145578
604130735
369602538
369604907
4418284119
369604907
1077245111
4418284119
604130735
369604707
604130735
2626145578
2626145566
369602515
369602422
369602515
369602535
369602528
369602514
369602528
369602535
2626145568
2626145570
2626145568
2626145566
604130749
604130761
604130761
604130761
604130749
369602506
604130721
604130737
604130737
604130737
604130721
369604707
5691009715
5691009706
5691009709
369602506
1077244911
1077244882
1849293386
604130644
9687149934
604130611
604130610
604130623
604130610
604130616
604130573
369605023
604130565
369605032
369605030
369605031
369604981
369604987
369604973
369605090
369604973
7455296483
369605143
369605014
369605015
369605014
369605015
369605016
369604981
7455296484
369604987
7455296484
7455296483
369605143
369605142
369605126
4484721699
4484721701
604060784
4484721573
604060780
604060775
604060779
3735391626
604060779
3735391626
604060780
604060775
4341632908
3735387416
4341632908
3735387416
6662606281
6662635385
4638506086
6662635396
4638506086
6662635396
6662635385
6662606281
3491657179
4484721703
3491657183
3491657185
3491657185
3491657185
3491657183
4484721578
4341870200
369605126
4341870200
369605147
369605142
369605147
4484721581
4484721578
9780385068
4484721573
9780385068
9377753759
8586746927
8586746924
8586746927
8586746924
8586746933
4484721703
8586746933
9377753765
9377753759
9377753765
9377753759
9780385068
4484721573
604060784
604130536
604060784
4341722596
4341722593
6662606227
4341722595
4341722602
4341722594
4341722603
4341722594
4341722601
4341722600
4341722595
4341722599
4341722603
4341722602
4341722601
4341722600
4341722604
4341722596
4341722604
6662606227
4341722599
4341632897
604130442
604130388
604130388
604130388
604130442
604130439
604060284
604130366
604130373
604130375
604130374
604130366
604130374
604130375
604130373
604130439
604060284
604060287
604060274
604060273
604060263
604060265
604060264
604060265
604060264
4482895403
4482895402
604060285
604060287
604060285
604130372
604130371
604130371
604130371
604130372
4482895402
4482895403
604060274
604060273
604060258
604060254
604060256
604060254
604060258
604060257
604060256
2626145588
604060223
2626145588
604060228
604060223
604060093
604060100
8369789386
8369789396
604060257
8369789396
8369789386
604060100
8369789406
604060097
604060215
604060211
604060213
604060215
604060097
604060084
604060080
604060311
1078089874
7522153418
1078089874
7522153408
7522153411
7522153416
7522153411
7522153415
7522153412
7522153410
7522153408
7522153410
604060330
604060307
9834003442
9834002930
4484687370
4484687368
4484687367
9834003412
4484687367
9834003405
9834003400
4484687368
4484687375
4484687370
9834002930
9834002928
9831803768
9834003026
4484687375
9834003026
9834002928
9831803768
9831803769
4484687381
9834003326
9831803769
4484687381
9834003396
9834003400
9834003405
9834003408
9834003396
9834003408
9834003412
9834003442
604060307
604060330
7522153413
7522153412
7522153415
7522153414
7522153413
7522153414
7522153417
7522153416
7522153418
9831803787
7522153417
9831803787
604060311
604060080
604060082
604060080
604060084
8263865767
604060082
1079003921
604060070
369601548
5158995693
5158995700
5158995700
5158995700
5158995693
8369783021
604059707
604059700
604059706
604059707
604059706
7783714077
7783714074
7783714077
7783714074
5214296034
604059724
604059722
604059721
604059687
8369782973
8369782978
604059672
604059678
5214296033
5214296033
5214296033
604059678
604059672
8369782978
8369782973
604059687
7495520385
369601557
5214295999
5214296008
5214296008
5214296008
5214295999
5159019074
7495520385
5159019074
5214295997
8369782782
5214295995
604059741
604059733
604059733
604059733
604059741
8369782796
8369782825
8369782830
8369782653
8369782833
8369782830
8369782833
5214295993
5158995632
4682066817
5214295960
5214295953
5158995638
5158995649
5158995649
5158995649
5158995638
5158995650
604059746
4484687345
604059746
604059748
4483831009
604059748
4484687345
4484687346
5208283329
5208283328
5208283328
5208283328
5208283329
4484686383
604060436
604060791
4484721691
4484721581
4484721691
4484721694
4484721694
4484721694
4484721691
604060791
5280562877
4483831000
581113550
581113554
581119040
581119042
581119019
581119021
604060716
604060707
604060660
604060648
604060588
604060588
604060588
604060648
604060660
604060707
604060716
581119021
581119019
581119042
581119040
581113554
581113550
4483831000
4341870204
581113564
581113562
581119077
581119069
581119069
581119069
581119077
4341870204
581113564
5280563225
581113576
581113577
581113576
5280563236
5280563237
581113577
581113579
8369830247
8369661651
8369661919
8369661651
8369830248
8369661659
8369661215
8369661216
8369660871
8369660865
8369661586
8369658998
8369658958
8369661389
8369658958
8369661389
8369661388
8369661368
8369661878
8369661349
8369661216
8369660871
8369660872
8369661527
8369661349
8369661912
8369661919
8369661912
8369661390
8369661388
8369661390
8369661878
8369661368
8369661573
8369658998
8369661586
8369661574
8369661573
8369661574
8369661527
8369660872
8369660865
8369660877
8369661329
8369661329
8369661329
8369660877
8369660989
8369660985
8369660985
8369660985
8369660989
8369661084
8369661102
8369661102
8369661102
8369661084
8369661127
8369661134
8369661127
8369661134
8369661137
8369661134
8369661228
8369661215
8369661228
8369661211
8369661137
8369661209
8369661211
8369661209
8369661675
8369661212
8369661670
8369661674
8369661736
8369661730
8369661725
8369661730
8369661725
8369662089
8369662102
8369662089
8369662102
8369661736
8369661674
8369661670
8369661212
8369830256
8369661675
8369661659
8369830248
8369830247
581113579
5280563237
5280563236
5280563232
5280563225
5280563230
5280563226
5280563228
5280563227
5280563228
5280563227
5280563226
5280563230
5280563225
581113564
581113562
806170651
581119061
581118969
581118943
581118929
581118927
581118927
581118927
581118929
581118943
581118969
581118984
581118993
581118984
581118993
581119061
806170651
581119175
4341870206
4341870210
4341870210
4341870210
4341870206
4341870205
298297636
4484672092
298297636
581119164
581119173
581119132
581119130
581119125
581118961
933905478
581118906
581118894
581118893
5158996076
5214295939
604060569
604060561
4483831009
604060561
604060569
5214295939
5158996076
581118893
581118894
581118906
933905478
581118961
581119125
581119130
581119132
581119173
581119164
4341870205
581119153
581119162
581119153
4484672092
4484672086
581119166
581119162
581119201
581119226
5158996048
5158996063
3737029056
3737029050
4762655622
4762655420
4762655418
3737029050
3737029056
3737029068
3737028468
9594038209
8369842200
5280395812
8369842200
5280395812
3737028466
8369842176
8369842176
8369842176
3737028466
3737029052
581119189
581119187
581119175
581119187
581119189
3737029052
3737028468
3737029068
298297639
581113631
581113625
581113610
581113636
581113639
581113617
4341896878
4341896876
4341896878
4341896876
4341896879
581113610
4341896879
581113639
581113636
581113625
581113631
1483907659
5214295937
5158995718
298297641
5158995720
581113643
5158996040
5158996023
5158996023
5158996023
5158996040
5214295705
5214295708
583068994
5214295929
5214295929
5214295929
583068994
583068979
581113643
583068979
5158996046
5214295700
581113685
5214295667
581096832
581096844
581096839
581096832
581096839
581096837
4485314328
581096837
581096846
581096844
581096846
597038532
581096851
4485314328
597038532
581096851
583069951
576874806
583069939
576874806
583069951
903685874
583069938
583069939
581097522
8263931767
583069777
581097540
581097522
581097540
581097216
581097204
583069776
583069777
583069776
581097204
4318514754
581097209
298297654
581097411
581097223
581097216
581097223
581097209
298297654
5280589038
2626145534
2626145535
2626145535
2626145535
2626145534
2626145532
7455494056
2626145532
9678789960
7455494083
7455494056
5280589049
7455296489
5280589038
581097356
2626145525
581097397
298297656
369605254
369601869
369605254
597042713
597042726
597042730
581097297
581097296
298297656
581097397
2626145526
2626145525
2626145526
581097296
581097297
4483872139
581097356
4483872139
4483872141
4762655365
4483872141
4762655365
4762655364
3735384344
4762655364
3735384344
3735384343
369601864
3735384343
4318529968
2626145468
2626145479
2626145480
2626145479
4418284303
2626145478
2626145468
4318529968
2626145514
2626145480
2626145514
2626145517
369601864
597042699
369601860
597042699
597042697
369601860
369604226
369604229
369604226
369604229
2626145521
2626145517
369601864
369604245
369601869
369604233
369604245
369604233
597044264
597038576
597038574
4484672081
597038574
4484672078
3054402248
4484672081
4484672078
4484672076
597042697
4484672076
369604191
369604190
597038571
369602882
4418284181
2626145541
369604190
597038571
369604190
369604191
369604285
369604208
2626145512
2626145506
2626145505
2626145496
2626145495
2626145478
2626145495
2626145496
2626145505
2626145506
2626145512
369604208
369604277
4418284299
369604277
4418284299
4418284302
4418284303
4418284302
4418284301
3735386609
2626145523
2626145521
2626145523
3735386609
4418284301
369604285
2626145536
369604490
369604382
369604381
369604356
369604381
2626145542
369604384
369602859
369604353
369602860
369602872
369602873
369602872
369602873
369602849
1075921355
2626145554
1075921355
369602838
369604573
369602860
369604573
369602838
369604521
369601855
369604521
597038544
597038545
597038544
597038545
369604564
369604567
369604564
4365027592
2626145432
369604569
369604567
369604568
369604569
369604568
2626145430
369604346
369604440
369604382
369604440
597038592
597038593
597038592
597038593
369604490
2626145536
2626145541
4418284181
2626145542
369604384
2626145547
369604352
2626145547
369604353
369604352
369604350
369604348
369604350
369604397
369604356
369604390
369604397
369604390
369604357
369604348
369604357
369604346
2626145430
2626145431
2626145432
2626145433
935605320
7455485171
2503434239
935604896
2503434239
2626145433
2503434239
6662635426
4762655372
4485329184
4762655387
4762655387
4762655387
4485329184
4762655372
6662635426
2503434239
2626145433
2626145432
4365027592
2626145448
2626145455
369603188
369603189
3471357897
369603189
3471357897
8264031969
369603193
8264031969
369603193
369603189
369603188
2626145455
2626145448
4365027592
2626145448
7455296439
2626145455
369603188
369603560
369603501
369603493
369603090
369603027
369603143
369603027
369604976
369603132
369603127
369603122
369603110
369603102
369603100
369603093
4484742746
369603100
369603102
369603110
369603122
369603127
369603132
369604976
369605049
369605031
369605030
369605043
369605032
369605043
369605049
4484672075
369605059
369605050
369605008
3418330703
3418330699
3418330703
3418330699
369605010
4485329174
369605011
4485329174
369605011
369605090
4484672056
3418330698
369605101
369605098
369605050
4484672062
4484672075
4484672062
4484672056
3418330698
369605101
369605098
369605010
369605008
369605057
369605059
369605057
4418242871
369603143
369603148
4418242871
369603148
369605108
369605113
369605108
4485329160
369605113
369605114
369605120
2626145441
2626145437
935604896
7454323724
4762655403
7454323734
7454323731
7454323732
7454323728
7454323720
7454323729
7454323728
7454323732
7454323733
7454323729
7454323733
7454323735
7454323734
7454323735
7454323724
7454323737
7454323722
7454323736
4762655403
7454323736
7454323737
7454323722
7454323718
2626145437
7454323718
2626145441
369605120
369605117
4485329160
369605117
369605114
369603140
369603137
369603140
369603137
369603493
369603501
369603504
369603560
369603504
369603077
369603048
369603035
369603048
369603035
369603090
369603077
369603023
369603176
369601853
369603176
369603173
369601853
369603173
369603164
369603163
369603160
369603167
369603164
369603167
369603163
369603160
5208283241
5208283249
1077245111
5208283249
5208283241
5208283248
5208283250
5208283246
5208283245
5208283239
5208283242
5208283245
5208283242
4484742742
369603093
4484742742
6662635404
6662635407
6662635400
4484742743
6662635402
4484742743
6662635399
6662635408
6662635399
6662635400
6662635401
6662635406
6662635404
6662635405
4484742746
6662635405
6662635408
6662635407
6662635406
6662635401
6662635402
4484742744
604130629
604130576
604130565
604130576
604130578
604130630
604130633
604130629
604130633
604130630
604130578
604130573
369605023
604130564
604130537
604130558
604130535
4484672038
604130536
604130543
369605019
369604970
369605020
369604970
369605020
369605016
369605019
604130543
604130540
604130544
604130537
604130564
604130544
604130540
4484672038
604130535
4484672048
4341875371
604130466
604130508
604130463
604130492
604130455
604130462
298297635
604130458
604130443
4341632897
604130443
604130477
604130397
604130397
604130397
604130477
604130443
604130458
298297635
5691090312
6662606259
6662606249
4341722593
6662606249
6662606261
6662606259
5691090312
5691090319
5691090314
5691090313
5691090317
5691090314
5691090319
5691090317
5691090311
604130462
5691090311
604130463
604130492
604130499
604130506
604130508
604130506
604130507
604130500
604130504
604130500
604130511
4485314345
604130504
604130534
604130521
604130518
604130511
4485314345
604130521
604130518
604130659
604130531
4485314346
604130521
4485314346
604130528
9687149822
604130598
9687149848
7699566009
4484742764
9687149861
9687149793
5422112385
1077244896
9687149794
604130613
604130589
604130510
604130507
604130510
604130580
604130552
4341875371
604130552
604130558
604130580
604130616
604130623
604130611
9687149934
604130644
9687150033
9687149983
9687150018
4484742744
9687150018
9687150028
369601775
9687150024
9687150007
5208283251
5208283249
5208283248
5208283250
5208283251
5208283247
5208283246
5208283247
369601775
9687150045
5208283239
9687150045
9687150028
9687150025
9687150024
9687150007
9687150033
9687150024
9687150025
9687149983
9687149934
9687149894
604130613
604130589
604130534
604130589
9687149846
604130598
9687149846
9687149822
9687149833
9687149784
9687149785
5422112391
1077244896
9687149816
5422112400
9687149764
5422112400
8617199973
9687149805
9687149792
9687149794
9687149793
9687149861
9687149847
9687149846
9687149847
9687149848
9687149833
9687149784
9687149811
5422112385
4484742764
7699566009
9687149811
5422112391
9687149815
5422112391
9687149785
6126666270
6126666275
6126666277
6126666275
6126666276
6126666278
6126666277
6126666279
6126666281
6126666274
6126666283
6126666274
6126666283
6126666282
6126666280
6126666279
6126666281
6126666282
6126666280
6126666278
6126666276
6126666270
9687149785
9687149783
9687108881
8617199986
604130700
8617199985
8617199983
9687149763
5422112407
9687149815
5422112407
8617199986
8617199984
8617199985
8617199984
9687149763
9687149764
5422112401
9687149764
9687149754
8617199981
9687149754
8617199973
9687149898
4418235754
9687149898
1849293386
9687149894
9687149805
9687149792
9687149816
9687149815
9687149783
9687108881
9686769887
9686799572
604123293
9686799578
9686769885
9686769888
8272599646
9686769906
9686769885
9686799578
9686799577
5212385645
9686704179
5212385665
5212385648
5212385648
5212385648
5212385665
9686799750
5212385640
9686799749
604129230
9686799741
9686799739
9686799748
9686799739
9687699321
9687699324
604129234
9687699326
9687699320
9687699324
604129234
9687699328
9686799741
9686799740
9686799743
604129230
9686799743
604129246
604129239
604129240
604129257
604129252
604129257
604129256
9687699346
604129261
9687699352
9687691451
604129262
9687691449
604129262
9687691437
9687691435
9687691449
9687691448
9687691450
9687691451
9687691436
9687691437
9687691462
604129260
9687691481
9687691464
9687691465
604129260
9687691465
9687691455
9687691436
9687691455
9687691462
9687691461
9687691435
9687691461
9687691482
9687691428
9687691471
9687691472
604129279
9687691470
9687691428
9687691482
9687691481
9687691470
9687691467
9687691469
604129279
9687691472
9687691468
9687691469
9687691467
9687691464
9687691465
9687691540
5416300061
5416300061
5416300061
9687691540
9687691521
1929805568
604129232
5416300058
1929827945
1929827945
1929827945
5416300058
604129232
1929805568
9687699324
9687699321
9687699328
9687699327
9686799740
9687699327
9687699325
9687699326
9687699338
604129235
9687699334
9687699332
9687699325
9687699332
9687699338
9687699337
9687699320
9687699337
9687699339
9687699340
604129235
9687699340
9687699333
9687699344
9687699346
9687699345
9687691450
9687699345
9687699352
9687699351
9687691436
9687699351
9687699350
9687699339
9687699350
9687699348
604129261
9687699348
9687699340
9687699348
9687699344
9687699333
9687699334
604129252
604129246
9686799743
9686799742
9686799590
9686799661
9686799520
1077245091
9686799572
9686799571
9686799660
9686799566
9686799674
5212385640
9686799674
9686799661
9686799660
9686799661
9686799590
9686799742
9686799749
9686799748
9686799750
9686799563
9686799577
9686799578
9686769885
9686769906
9686769900
9686769906
8272599646
9686769901
9686769898
9686769892
9686769899
9686769893
9687177259
9687177254
9686769902
9687177254
9687177255
9687177253
9687177239
9687177253
9687177261
9687177240
9687177237
9687177260
9687177258
9686769899
9687177258
9687177259
9687177257
9687177255
9687177257
9687177261
9687177260
9687177237
9687177238
9687177236
9686737440
9686737443
9687177241
226302502
9687177241
9687177247
9687177241
9687177236
9686737440
9686737449
9686737446
5272893880
9686737454
1950844044
5272893882
5272893879
5272893882
1950844044
9351831689
5225470277
5225470275
9351835110
9687176834
604130434
1950844046
9686737454
9351835110
9687177181
8272599545
5225470275
5225470277
5272893885
5272893869
5272893874
5272893877
5272893870
5272893869
5272893885
8272599545
8272599546
5272893870
8272599546
9687177186
604130433
8272599624
604130433
8272599620
9687177192
8272599625
9687177215
8272599624
9687176834
9351835113
9687177215
9687177192
9687177151
9687177198
226302485
9687177198
8272599620
9687177198
9687177147
9687177186
9687177181
9687177186
9687177147
9687177148
9687177146
9687176850
9687177146
9687177140
9687177137
9687177170
9687177162
9687177285
9687177325
9687177324
9687177318
9686723602
9687177318
9687177320
604130425
9687177320
9686723603
9687177320
9687177276
9687177298
9687177285
9687177302
9687177164
9687177163
9687177172
9687177171
9687177137
9687177171
9687177121
9687176962
9687176961
9687176979
9687176935
9687176938
9687176914
9687176938
9687176885
9687176912
4484742778
9689503638
9689503621
9689503619
9689503621
9689503619
9689503616
9689503585
6133541960
9689503603
9689503603
9689503603
6133541960
9687176995
9687176994
9679877144
9687176994
9687176998
9687176997
9687176996
9687176997
9679877142
9689503281
9679877213
9689503274
9679877218
9689503271
9689503269
9689503266
9679877230
604122998
9679877227
604123000
9689472215
9689503110
9689472215
9689503111
9689503079
9689503102
9689503079
9689503198
9689503117
9689503111
9689503117
9689503136
9689503126
9689503119
9689503130
9689503136
9689503130
9689503249
9689503148
9689503149
9689503198
9689503149
9689503159
9689503153
9689503090
9689503153
9689503091
9689503094
9689503087
9689503099
9689503087
9689503097
9689503095
9689503092
9689503062
604123000
9689503106
9689503092
9689503091
9689503094
9689503095
9689503105
9689503107
9689503097
9689503100
9689503099
9689503102
9689503103
9689503100
9689503108
9689503109
9689503103
9689503110
9689503109
9689503108
9689503107
9689503105
9689503106
604123000
9689503062
9689503061
9679877223
9689503061
9689503264
9689503090
9689503264
9689503270
9689503271
9689503270
9689503266
9689503269
9689503276
9689503281
9689503276
9679877147
9679877141
9679877229
9679877230
9679877223
9679877227
9679877226
9679877243
604122998
9679877243
9679877242
9679877229
9679877141
9679877151
9679877132
9679945946
9679877131
9679945946
9679877260
9679877151
9679877132
9680093589
9680093561
9679877252
9680093561
9680093422
9680093559
9680093560
9680093561
9680093560
9680093559
9680093422
9679945991
604122942
9679945993
9679945986
604122942
9679945986
9679945984
9679945986
9679948833
9679948845
9679948798
9678574870
9678574935
9679948830
9680063371
9678574870
9680063371
9679948831
9679948837
9679948831
9679948837
9679948845
9679945984
9679945991
9679945993
9679867331
9679867330
9679867331
9679867327
9678584109
9678584258
9678584259
9678584112
9678584104
9678584102
9678584114
9674454088
9674454172
9674454152
9674454095
6044879337
9674454203
2635397724
2635397723
9674454204
9674454153
109837398
109828183
109837398
9674454081
9674454045
9674454185
9674454151
9674454081
9674454186
9674454153
9674454095
9674454153
9674454186
9674454189
9674454204
9674454203
9674454157
9674454166
9674454152
9674454172
9674454173
604122907
6044879331
604122907
9678584312
9678584302
9678584312
9674454171
9674454151
9674454171
9674454173
109828183
