32662002
32772101
1763567139
32772101
32772261
32761809
290747828
32761809
32771497
32761807
1763614934
1763614928
1763626751
1700338630
1700549619
1704424004
1704424106
1704424109
1704424109
1704424109
1704424106
1763626752
1763626750
1704424046
1704424022
8540810779
1704424006
1704424008
8540810779
1704424008
1704424006
1704424004
1704424011
1704424013
1704424011
1704424013
1704424037
1704424059
1704424037
1704424059
1763626749
1763626766
1763614928
1763614934
1763614930
1700338677
1763614939
1700338677
1763614939
1763614943
1763614950
32761807
1763614950
1763614958
32762453
32733825
290735827
1763614960
291682228
612002203
9819927678
612002203
612002211
612002206
32733828
612002209
3709797034
612002218
3709797825
32733828
3709797825
612002244
248513125
612002255
612002219
286448567
248512074
248512073
286444958
248512073
9819927803
248512073
286445352
248512072
286446522
286446414
286446509
286446414
1543768656
248512070
4526362273
286445094
248512103
286444907
248512104
248512103
248512104
286270655
248512109
612002382
248512109
286271657
286270655
612002381
248511997
248511998
3833422945
612002386
32821570
4526384241
32821574
1764326120
286450720
32821576
609404676
609404669
277670312
32821576
609404803
32821598
609404793
609404806
609404795
609404793
4487174671
609404676
4487174669
4487174671
4487174669
1762313103
1762313096
1762313105
3475311477
1762313105
2316599858
286457189
1763567192
1762313077
286457189
1764326055
286457742
286458321
286458514
286457743
286458485
286457742
286458485
286458514
286457743
286458282
1432318678
1432318678
1432318678
286458282
286457747
9337725672
618066290
32821585
2155510803
32821585
4371514297
371751987
558665203
286454975
1669418056
371751987
4371514297
618066294
4504080414
9337725672
9337725680
4504080414
618066290
32821585
3709575829
32821582
286460304
286460369
286460304
286460369
286460255
286460218
286459950
286461820
286462216
286461802
286461826
286462235
286459950
286460694
618066271
286459819
286460219
3709575829
286460219
286460218
286460179
286460224
286460255
1764326045
32821582
1764326045
1764326055
286460224
286460179
1764309494
286461791
286461822
5414078808
286461822
286462206
286461820
286462206
286461802
286462216
286462235
286461826
1764309494
286461791
1382176510
286459820
2155510779
371751078
32822010
2155510770
2704423264
1763567176
2704423269
32822010
4502307438
286455833
248513376
248513369
32822162
248513369
248513342
1764332421
32822162
561662145
32822138
32822027
1764326007
1763567167
32822174
32822173
612002310
612002309
612002162
1700549645
612002162
1763614977
1700549636
1700549635
32822357
1700549634
612761396
612002318
32822287
32822014
32763538
612002329
612761410
1763614962
1763614946
1763614959
1763614961
1763614959
1763614963
1763614961
1763614962
1763614946
1763614949
1763614940
1763614944
1763614940
1764233536
1700544992
32733801
558662424
32764514
32763538
32822014
4502579369
612002318
612761396
612762770
612002313
32822362
32822173
636142432
32822021
612002279
612002309
612002279
1700549653
612002262
612002235
612002245
248513125
612002274
277670314
48570675
609404660
609404669
609404675
32821951
286456011
286456010
286455483
286455639
286455483
286455903
286455730
1763567178
286455639
286455966
609404667
286455966
286456010
286456011
1764326044
32821962
32821951
609404675
609404667
612002343
286455648
286455329
32822027
1764332424
1764332421
1764332424
32822174
1763567157
32822014
1763567157
1763567159
248513342
1763567159
2704423251
2704423255
2704423251
2704423255
2704423260
1763567176
2704423260
2704423264
2155510770
4502307438
286455833
371756066
286455842
286455903
286455842
286456309
286455812
286456309
286456474
286456431
286456264
286456473
286456269
32821791
1763629802
286456431
286456474
286456527
32822009
286456600
1763629802
286456600
286456624
286456641
32822008
1763567191
1764326040
286456624
1764326040
32821791
1762313073
32821971
32821973
1764326103
32821971
1764326103
1764326107
1764326097
32821964
32821962
1764326044
286456187
1763629803
286456187
286456422
286456264
286456422
286456473
286456269
1763629803
1764326053
32821973
1764326053
1764326097
1764326107
1764326109
32821964
1764326109
1762313103
1762313096
1764326105
1762313076
1762313073
1762313076
1764326051
1762313079
1764326105
2316599858
1764326105
1762313079
1764326058
1762313077
1764326058
1764326047
1764326051
1764326047
1763567192
1763567191
32822008
286456809
286456641
286456809
32822009
286456527
286455812
2155510781
2155510779
2155510781
371751078
371756066
248513377
248513376
248513377
371756076
286455481
248513376
286455481
286455329
371756083
371756076
286455730
1763567178
371756083
612002343
286455648
612002338
277670314
612002274
612002255
612002219
612002244
612002235
612002236
612002262
612002236
612002218
3709797034
9819927678
612002209
612002211
1543768655
612002192
3650916052
612002184
286446104
286446309
286446104
612002184
286446309
286443556
612002157
277670318
9534616009
277670318
290735866
290735827
4375720438
32733137
1763614954
1763614960
1763614954
1763614971
1763614971
1763614970
1763614953
1763614944
1763614956
1763614955
1763614952
1763614949
1764233567
1763614963
1764233567
1763614966
1763614952
1763614966
1763614967
1763614955
1763614967
1763614969
1763614956
1763614969
1763614970
1763614953
1764233561
32733137
1764233561
1764233540
1764233536
1764233540
290735829
290733840
32731985
1764233495
32731985
1764233526
1763626760
1763626758
1763626750
1764233505
1763626758
1764233505
1764233495
1704424056
1704424019
32662023
5015624905
1700549619
5015624905
1704424022
1704424046
1704424053
1704424046
1704424053
1704424056
1704424019
32733801
290733840
290732133
32733134
1763626761
1763626752
1763626761
1763626760
1763626761
32733134
1763626778
1763626767
1763626780
1763626767
1763626779
1763626778
1763626779
1763626780
1764233544
1764233546
1763626772
1763626774
1763626766
1763626749
1763626751
1700338630
1700338632
5015624885
32662002
5015624885
1763567139
32772262
32772261
32772262
32771497
32771539
9534615956
32762453
1763614958
1764233552
1763614943
1764233552
1763626777
1763614930
1763626777
1763626774
1764233556
1763626781
1763626772
1764233546
1763626781
1764233556
32733825
32733872
1763626794
1763626794
32733872
32733896
1763626789
1763626789
32733896
290732133
4375720438
290735829
1700544992
612762778
612761406
612762780
32764514
1700545026
286454975
1382176514
286460834
371751959
618066216
618066213
286460147
8274083703
286461778
5414078806
618066216
5414078806
5414078808
5414078810
286461778
5414078810
5414078813
5414078816
286461551
286460694
286461551
286461641
286461717
286461691
618066269
286459819
618066271
618066269
286461691
2155510801
8274083703
2155510801
2155510803
558665203
286460147
618066213
371751959
371751950
1382176510
371751950
286459820
1382176517
2704423269
1382176517
618066212
286460834
618066210
618066212
618066210
286461068
286460867
286460886
286461032
286460867
286461068
286461032
286460886
286460859
1382176514
286460859
1700545026
32764514
558662424
248513118
1700228919
248513218
248513118
1700228918
1700228919
1700228918
1700228916
32663225
1764259733
32663225
32664435
32664444
32664435
1764259733
1764259722
1764259710
1764259722
1764259710
32664444
1700228893
32663227
32662041
32663227
32665040
1700105816
32663072
1700228887
1700105813
32663056
32663010
32663142
32662032
5015624911
32662023
5015624911
1700105812
32663142
1700105812
1700105838
32663011
32663010
5015625521
32662032
5015625521
5015625526
32663056
32663623
32663011
1700105838
32663619
32663054
32663623
1764259721
32663497
32663054
32663497
32663621
1764259721
32663621
32663064
1764259735
32663064
1700105835
32663061
3709964057
1700105813
1700228878
5015625526
1700228878
1700228879
1700228887
1700228897
1700549630
1700549631
1700228916
1700549631
1764259735
1700549630
1700228897
32663072
1700228880
1700228879
1700228880
32662041
5015688566
1764284019
32663243
1764284020
1764284021
1764284018
1764284027
1764284018
1764284022
1764259705
1763572591
32663479
32663266
32664043
32662066
1763567144
32664101
32664223
32664088
32664087
32664462
32664087
1764284047
32664101
1764284047
32664158
32664157
32664466
32664464
1764284054
32664452
32664451
32664495
32664158
32664465
32664466
32664465
1764284049
32664464
1764284049
32664452
1764284053
32664451
32664495
32664206
32664207
1764284048
32664203
1764284050
32664199
618066235
1387513135
618066256
1669417962
618066258
32662079
32662066
32662079
4526330145
1387513132
371774154
371773129
618066254
371764551
1669417964
618066256
1387513135
1669417964
1669417965
618066235
1669417965
2260946161
32664455
1764284055
32664457
32664157
32664462
2260946062
32664222
32664088
1764284045
1764259764
1764259761
32664093
32664039
32664036
1669417935
32664036
1764259773
1764259769
32664039
1764259757
1764259761
1764259757
32664041
32664042
32663479
32663480
32663481
32663480
1764284031
32663481
32663482
1764284034
1764284031
1764284034
32670824
32663482
32670824
6376146251
32663484
6376146251
32663484
32664079
32664082
32664079
32664082
32664096
1764259758
32664223
32664088
32664222
32664094
32664093
32664094
1764259770
1764259764
1764259770
1764284045
1764259767
32664041
1764259767
1764259763
32664042
1764259763
1764259758
32664096
32664664
32664574
32664664
32664574
1763567144
32664206
1764284048
32664207
1857942185
32664203
1764284050
32664209
32664199
32664209
1857942185
32664451
1764284053
1764284054
1764284055
32664457
2260946101
32664455
2260946101
2260946062
618066208
618066206
2251119435
618066208
2260946074
1699956970
1669417935
1764259776
1764259766
1764259762
1764259759
1764259762
1764259759
1699956957
1699956954
1699956953
1700105873
1700105859
1764259737
1700105873
1764259737
1700105852
1763572591
1700105852
1700105848
1764284026
1764284021
5015630493
5015688566
5015630493
32664043
32663266
1764259715
1764259707
1764259715
1764259707
1764259705
1764284022
1764284027
1764284026
1764284025
1764284020
1764284025
32663243
1764284019
1700105834
1699956954
1764284043
1764259766
1764259776
1764259773
1764259769
1764259766
1764284043
1699956953
1700228901
1700105848
1700228901
1700105834
1700105830
1700105828
1700228893
1700105816
1700228893
1700105828
1700105830
1764259716
1764259719
1764259716
1764259719
1764259731
1764259734
1764259731
1764259734
1764259743
1764259746
1764259743
1764259746
1764259748
1764259751
1699956957
1699956961
248513218
1699956961
1699956970
2260946074
2251119435
618066206
5413935822
1669418008
5413935822
5413935310
1669418006
2260946161
32664522
4526270686
32664522
4526270687
1699956975
618066272
32663000
1763614987
618066273
618066272
32663000
618066252
32663000
32663001
1387513127
32663001
32671002
1700457553
32671002
1427796324
1387513127
1700457554
1427796281
1427796324
1387513132
4526330145
1669417960
618066258
1669417962
1669417960
371774154
1700457553
371773129
618066254
618066252
371764551
4526270684
32664522
4526270684
4526270687
4526270686
5413935313
1699956974
371751987
1669418056
9824110654
1669418008
1669418030
5413935314
1669418006
5413935310
5413935314
5413935313
3713187330
1699956976
1699956975
1699956977
618066273
618066275
618066274
618066276
32662341
32662337
32662332
32662328
32662323
32662314
618066286
32662312
3713187332
32662278
32662201
5359473352
32662198
32664580
5359473352
32664580
32662192
32662194
32662199
32662198
1763615007
32662201
1763615007
32664655
32662199
1764284070
1764284061
1764284060
1764284059
1700457610
1764284059
1764284062
1764284070
1764284074
32662194
1764284074
1764284073
1764284062
1700457613
1700457610
1700457603
1764291966
1764284060
1764291966
1764284061
1764284063
32664655
1763615007
1763615005
32662314
1763615005
32662278
3713187332
618066286
618066285
32662323
1764291964
1700457598
1700457586
3713199523
32662331
1764291962
1700457586
1700457598
3713199519
1700457603
3713199519
1764284058
1764284063
1764284058
1764291964
1764291962
32662328
618066279
32662326
32662325
32662312
32662325
618066285
618066279
618066278
32662332
32662331
32662338
32662337
618066277
32662335
32662334
32662326
32662334
618066278
618066277
618066276
1764291960
32662335
1764291960
1699956987
1699956983
618066274
1763615003
32662341
1764291958
32662338
1700457568
3713199523
1700457568
1700457565
1700457561
1700457558
1427796281
1700457558
1764291954
1700457554
1763614987
1763615000
1763615003
1764291956
1700457561
1700457565
1764291958
1764291956
1764291954
1763615000
618066275
1699956980
1699956977
1699956978
1699956981
1699956980
1699956983
1699956985
1699956987
1699956985
1699956981
1699956978
1699956976
3713187330
1699956974
1669418030
9824110654
1669418056
558662424
612762780
612762778
612761406
612002329
4502579369
612002318
612762770
4975112798
32822287
4975112798
32822362
32822173
636142432
612002309
612002310
612002313
1700549640
1700549634
1700549640
1700549644
32822357
1700549644
1700549645
1700549635
1700549636
1700549637
1700549638
1700549637
1700549649
1763614977
1700549649
1700549650
32822298
1700549650
1700549638
1700549639
32822298
1700549652
32822233
1763567162
1700549646
1700549641
1700549639
1700549641
1700549646
1763567162
32822233
1700549652
1700549653
1700549654
32822021
1763567174
1763567172
1763567167
1764326007
1764326013
1763567172
1764326013
1763567174
32822021
1700549654
612002269
612002245
612002276
612002269
612002276
612002338
612002335
1427593062
609404660
1427593062
1427593080
612002343
1427593080
612002335
277670314
286450122
286450003
286450118
286450004
286450118
286450004
286450003
286450122
286451084
48570677
48570675
277670312
286452855
58852602
48570677
286450875
286451058
286451085
286451058
286451082
286450997
286450875
286450997
48570679
286451084
48570679
286451131
286451082
286451120
286451085
286451132
286451189
286450980
58852602
286450980
1764336825
286451040
286451318
286450825
286451187
286451186
286451132
286451189
286451318
286451186
286451120
286451188
286451131
286451188
286451187
286450825
286451319
58852604
286452970
58852604
1764336828
286451040
1764336828
1764336832
286451884
286451412
286452970
1764336832
286451884
286452997
286453276
286453046
286453278
286453277
1764336830
286453276
1764336830
1764336827
1764336825
1764336827
286452855
286451404
286453279
286451404
286452974
286453327
286453278
286453277
286453279
286453327
286452974
286450720
1764326120
286453046
286453041
32821673
286453231
286453198
286453132
286451412
286453132
286453130
286452997
286453130
286453166
286453198
286453166
286453203
286453041
286453203
286453231
32821673
32821574
32821597
611541485
32821596
611541485
611541486
32821761
32821674
32821597
1700549655
609404785
609404803
609404785
32821598
614983230
32821762
614983232
609404806
609404795
2316599857
9337696659
4747867990
9337696659
4747867990
3475311477
2316599857
614983228
1762313115
614983249
614983229
614983232
614983249
614983229
614991270
614983276
32821762
614983236
614983230
614983236
32821674
611541528
9846279439
615001764
277670298
614983276
277670298
9308893301
614983295
614983294
614983295
1700539692
1700539692
1700539692
614983295
2140361849
1762313115
2140361849
614983294
1700539681
1700539681
1700539681
614983294
614991270
9308893301
615001759
614991297
614991298
615001764
614991298
8761218030
8761217444
612002414
8761218034
611541528
8761218034
9846279439
615001764
615001759
614991297
615007133
3794512357
614996213
301299322
6657105802
615007147
3794512357
615007147
615007133
615007135
614991298
615007135
614996213
301299322
316170000
248512024
611541591
8761217456
8761217444
8761218030
8761217456
611541591
32821761
611541486
32821596
248512003
4526384241
248512003
32821570
612002386
248511998
5135728178
612002386
5135728178
612002382
612002381
248511997
612002376
248511997
3833422939
612002376
248511987
248512064
286442603
286444110
286442603
286442620
286444312
248512751
248512070
4526362270
4526362273
4526362270
286444294
286444312
286444294
9535902861
4753144411
1209147513
248512064
1209147513
4753144411
9535902947
9535891363
9535902861
9535891363
9534570145
32771539
9534615956
290735866
4488600990
4059882019
612002133
9534570035
286443580
248512751
290772440
286446509
5414463936
286446555
286446522
286446555
286445950
248512072
286445099
286445094
286445099
286444907
286445351
286444958
1543768657
32821661
612002293
612002299
32821661
1543768644
1543768657
1543768644
248513128
248512074
286448567
248513128
286449131
286451319
286449131
612002299
612002293
290776461
286271657
290776461
286445351
286445352
286445353
9819927803
1543768642
612002192
3650916052
1543768655
612002195
612002206
612002195
1543768642
9819927803
286445353
286445950
286445952
286443556
612002157
286445952
290772534
290772440
290772534
286443580
286444110
286442620
286442699
286442627
286442699
286442627
9535902829
1209147513
9535902979
9535891379
9535902829
9535891379
9534569834
4488600990
4059882019
1209147560
290748904
290747828
290748904
1209147560
9534569856
4059882019
9534616009
612002133
9534570035
9534569856
5139980420
32733797
1700308942
290740172
5139980420
290740172
290739844
1700308937
1763614941
1700308916
1700268623
1700268636
286267928
286267259
286266523
286266192
286264075
286264073
285902517
285902532
285902516
285902342
285902516
285902532
285902517
286265768
286266192
286265768
1700228922
1700228921
286266523
286266522
286264075
286266522
286267645
286267259
5015619232
286267259
286267928
286267929
286267645
4732239486
4732239488
4732239488
4732239488
4732239486
286268602
286267492
286267262
286268601
286268387
286267941
286268602
286267941
286268314
286268702
286268387
286268601
286268702
286268314
286768348
248511987
286768348
286267262
286267492
286264447
286264772
248512389
286264772
286264636
286264447
286264636
286264628
286264073
286264628
248512389
285902386
248512388
285902386
248512388
248512387
8618978129
285902342
5015611570
1700228922
1700228921
5015619232
1700268636
1700268623
1700308948
1700268685
1700308948
1700308951
1700268686
1700268685
9813465893
32733797
9813465893
1700308945
1700308916
1700308945
1700308942
1700308937
1763614941
32662002
