26232418
209424667
26232418
182071333
26232418
182070154
182070153
31777175
31776953
31776952
31776951
31776950
209046768
31700341
31700340
31700339
29794113
29794112
29794111
29794110
26232428
26232426
31777180
29794110
31701631
31700826
29794111
31776949
209049352
31776949
209049350
29794112
29794113
438328642
31777140
31700661
31700662
31700661
31700825
31700661
438328644
29794112
438328644
438328642
438328640
124531258
29794113
124531258
29794115
209450076
29794115
31700339
31700340
209450092
124530440
31700342
31700341
31700342
31700343
31700342
124530440
209450083
124500941
209450053
209450049
209450046
437788052
31777138
221101673
290287298
31777140
31776937
31700662
31700824
31700823
127970528
31700662
31776937
221101680
31776937
290287297
290287298
290287297
31777167
438331678
127970529
437735056
437788055
437788047
437788046
127962991
437788046
437788045
437788242
1825900796
127962991
437865929
437788047
437788048
437788054
437788053
31777138
221106473
209432563
319987376
213972392
213972409
213972411
437788051
221106473
437788049
437788048
438331727
437865929
438331727
438329552
319987376
438329552
437788049
437788053
438329450
31777167
438329450
221101673
438328640
437788052
437788051
437791257
209450046
209450076
209450079
209450049
209450064
1743954801
1834639131
213972411
1834639131
1768757455
437791257
1768757455
1743954801
209450064
1743954804
124500941
1743954804
209450053
209450080
209450079
209450092
209450080
209450083
209450086
182062199
31700346
31700345
31700343
209046770
31776951
300079534
291670189
31777177
31777178
291670187
291670077
300079519
209049352
31776950
300079530
291670187
291670189
300079534
300079530
300079519
291670077
31777179
31777178
209046764
26232424
209049348
31777179
31777180
31776949
209049350
209046768
209046770
461989044
31700345
461989044
209046774
31700346
31700347
209046776
31700347
8976944138
31777190
31777189
31776988
209046778
31777190
209046776
31776953
209046776
209046774
31776952
2428617551
31777175
31776953
299836990
31777189
31777188
299836991
31777175
182070153
182071333
2428617551
31777177
237602087
209424667
209424662
208932395
31777085
31777084
31777083
31777082
31777081
29794080
29784599
133342201
31777081
31776930
31776929
29794078
29794077
31705844
31705845
208932423
31776823
29794074
29794075
29794076
29794075
31701556
31701555
29794074
31776823
31705844
31776929
208932411
31705845
31705846
31705845
208932411
208932422
31776930
269197137
29794079
29794080
31701566
29794135
29784599
293294413
29794081
26232428
31701547
26232430
31777142
29794134
5080594763
31777145
30453005
31705445
30453004
437788238
30453004
127970525
31777155
31700823
437733716
31700821
31777154
31700821
437733314
1456706534
31700821
1456706534
437733306
127970528
221101680
127970529
438331678
437788054
437788055
437788056
437788046
437788056
437735059
437735056
437735059
361890899
361889242
221101680
361889242
438111555
437733306
437733716
437788235
31777154
1573345779
437788238
437788235
31777155
31777169
31700824
31700825
31700826
31700825
31777158
26232430
26232432
127986323
127970525
127986323
31777169
31777158
31701631
31701547
31701568
29794135
29794134
31776848
31701566
31701565
29794079
269197137
209027846
29794078
209027846
31701562
31701561
29794077
471062543
29794076
31701558
31701556
31776840
31776170
31701558
471062548
31701561
31705843
31705842
471062551
471062548
471062543
471062548
471062551
31776170
31776038
678766332
31705840
1374356024
31705442
30453005
31705442
355412789
31705722
1374356024
31705722
124069466
5422441479
3486915660
31776133
31776144
29239088
124062159
29793292
31776141
31776468
31776141
31776143
31776144
31776038
31776467
678766341
31776468
31776718
31701555
31776718
31776840
31776467
31776143
124062159
124062156
31776037
31776036
31776035
31776034
31776033
29793980
29793979
124066839
31776033
124065476
31776034
31776035
124062147
26233235
208756312
31776715
31776716
29793292
31776716
124062156
124062151
31776715
124062151
124062147
124066839
124062147
124062151
31776036
31776037
29239088
5422441477
5422441479
5422441477
3486915660
1374356024
31705840
678766334
678766332
678766334
31705842
31776851
31776850
31776849
31701565
31701562
209027843
31776850
209027843
209027839
31705843
209027839
31776851
31776850
31776849
31776848
31777145
5080594763
31777146
26232432
31777146
31777142
31701568
29794081
209046748
26232426
209046761
209049348
209046761
209046751
208932417
31777082
208932422
208932429
31777083
3577140054
208932355
31777084
208932442
208932338
31705847
31705846
208932403
31705846
31776824
208932423
31776824
31776825
31705847
31705848
208863264
31705848
208932388
31705848
31705849
208932369
31777086
31777085
208932392
208932388
208932338
208932403
208932429
208932442
208932392
208932388
208932369
182070157
31705850
31705849
208863259
182070159
31705850
9017164927
208932399
182070157
31777087
31777086
208932380
182070156
31777087
9001690915
31777089
9004963073
208932399
9001690915
9001637867
182070156
182070155
182070154
182070153
237599901
299836991
299836990
31777189
31777188
8993137703
237599901
8993137703
8993404167
209046803
209424792
31776988
31776989
31776990
209424855
209424780
209424775
209424849
209424717
209424845
209424717
1454537655
209424849
209424815
209424780
226499431
209046803
8993404167
8996944095
182070154
182070155
9001554553
209424675
9001554553
8996944095
8996944106
209046803
8996944106
1279450733
209424675
209424677
9015647961
31777090
31777089
209424689
31777089
31777090
9005120097
31777090
9004963072
893724009
225104760
225104751
225104767
225104760
225104751
9005010087
209424725
209424706
6896814371
31777093
209424721
209424686
9015589705
209424686
6896814380
209424754
209424753
31777096
225106245
6896814368
209424747
209424727
209424706
209424727
225104777
208863235
208863229
9017718921
225104767
9017718921
3373402626
893724009
3373402626
1215824127
208863215
208962866
9017164927
208962866
1215824127
459929660
458975105
3373392906
459929658
208863257
208863215
208863257
182070159
208863259
208863264
208863270
1768204854
459929479
459929479
1768204854
3373392906
459929658
459929660
1215824127
9004963072
9004963073
9004963072
9005010087
420286893
9005120097
31777093
6896814375
31777096
1215827353
30451686
209424746
30451686
209424759
30451686
209424739
209424765
209424754
209424829
209424768
209424845
209424819
209424815
209424855
209424847
31776991
31776990
209046783
209046781
31776989
1562478901
209424792
1562478901
226499431
8997083710
209424775
8997083710
8996944106
1279450733
1279450728
209424677
225104797
9015589705
1454537655
9015589705
9015557882
209424721
6896814378
209424753
209424759
209424765
209424860
209424742
209424739
209424880
32586033
32585978
209424935
209424883
32586033
32585979
209424929
32585979
209424746
31777098
209424746
209424880
209424892
32585978
209424896
31776996
31776995
31776994
31776993
209459392
31776993
209424842
31776992
31776991
209046786
209046783
209451580
209451575
209046781
209046778
209451572
2743931689
209451575
209451572
8976944138
8976944118
182070147
31700347
182070147
182062199
209450086
182062200
182066439
182062200
182062201
1568257795
823567720
803832321
803832324
803832324
803832324
803832321
823567720
8974853416
182066439
182070147
182066439
8974853416
823567720
8974853416
8974909601
209459331
8974909601
8976944118
209459326
3603691324
209459331
1898613403
209459453
209459450
209459348
209459326
477524393
477524374
209459348
3603691323
3603691324
3603691323
1898613403
209459453
8983222613
209459437
209459367
803832347
209459367
209459446
209451593
209451589
209046789
209046786
8980062370
209451580
209451575
2743931689
3604364534
477524393
3604364534
2743931692
477524374
2743931692
8992962930
209459450
8981434218
209459434
209451589
8980062370
1417691420
8981434218
8983222613
213903358
803832347
209459437
209459434
209459446
209459367
209459372
209459376
810119909
209459381
209451597
209451598
209459407
31776997
31776996
209459404
209451597
209459426
209459400
31776995
209424893
209424875
31776994
209459396
209459392
209459389
209046789
209459389
209451593
1707414519
209459392
1707414519
2003367829
209459426
2003367829
209459396
209459400
209459404
209459407
209459409
31776998
31776997
31776998
31776999
209459412
209451605
209451606
209473673
209459418
31777001
31777000
31776999
209424909
2148391688
209473604
209473583
209424888
209424883
209424929
209473668
209424888
209473600
209424909
209424913
31777000
209459415
209451606
209473680
1242134829
209473675
209473673
438303119
438303115
209473713
209473639
31777002
31777003
31777004
209473648
209473643
31777003
209473873
209473749
31777002
438303107
31777001
209424918
209424913
2148391687
209473617
209473585
209473583
209473608
209473668
209473608
209473612
209473585
209473591
209473664
209473612
209473664
438303032
209481363
209481366
209481363
1369179625
208863161
208863169
1766419089
159117733
209481439
226496783
209481437
209481399
159117733
209481399
438304349
209481369
209473864
209473760
209473754
209473749
438303103
209424918
2148391676
209473660
209473591
438303061
209473760
209473754
438303087
438303061
438303032
1468867129
1369179625
209481407
208863169
1766419089
209481403
209481369
209481366
209481407
209481403
209481399
438304349
209481435
209481432
209481429
209481425
31777006
31777007
31777006
209481425
209481450
31777007
31777008
31777007
209473884
209473656
31777006
438304337
31777004
209473877
209473870
209473864
438304346
209481432
209481429
209481425
438304340
209473877
209473873
209473880
209473754
209473880
209473870
438304343
209481429
209481466
209481450
209481454
31777008
209473888
31777008
31777009
209473891
209473888
209473884
209473943
209473939
209473656
438304334
209473648
1768863521
209473721
209473643
209473639
438303111
209459418
209459415
209459412
209459409
9424630887
209451598
209473693
209459381
810119909
293706604
209473687
209451605
9424630887
209473688
209473693
209473688
209473687
209473680
1242134829
293706604
1242134829
209473675
438303137
438303130
209473717
209473713
209473721
209473726
1766430892
438304327
209481421
4699016521
209473939
438304330
438304327
213870488
213870484
1417691449
213870488
1417691449
209481462
4699016521
209481462
209473943
209473947
209473888
209473947
209473952
209473891
209473894
31777010
31777009
31777010
209493344
209493335
209493338
209493344
209493338
209493361
209493254
209493251
209493248
209493244
209473970
209481473
209481435
209481432
209481478
209481470
209481466
209481470
209481482
209481454
209473960
31777009
209473960
32553891
209493488
209493480
209493335
209493341
209493251
209493277
209493272
209493248
209493311
209493341
209493361
209493454
209493262
209508036
209493283
209493289
209493262
209493266
209493291
209493289
209493262
209493454
309994087
209507837
209493254
209493280
209507839
209493283
209508036
209507837
209507839
209493280
209493277
209493272
209493408
209481376
209493299
209473970
209493303
209493310
209493244
209481376
209493244
209493310
209473962
1188375645
209493488
538135517
209473960
538135517
209493480
1188375701
209493311
1188375701
1188375645
209473962
32553891
209493307
209481482
209493307
209493303
209481478
209481473
226496785
226496783
209481437
209481435
438304349
9074583100
1448487585
438304346
438304343
438304340
438304337
438304334
438304330
1768863521
1766430892
209473726
209473717
438303130
438303119
438303115
438303111
438303107
438303103
2148391684
2148391676
2148391687
2148391688
2148391687
2148391676
2148391684
438303087
209473660
209473617
209473604
209473600
209424935
209424896
209424893
209424892
209424742
209424875
209424870
31776993
209424842
31776992
6896848389
209424837
209424842
209424837
209424833
209424825
209424829
209424860
209424870
209424833
209424825
6896848386
209424819
209424847
6896848389
6896848386
209424768
6896814380
6896814378
6896814375
6896814368
225106245
1215827361
225106249
31777098
1215827353
1215827361
1215827364
208863246
225106249
208863246
3373402628
208863250
208863123
209444333
208863117
1215827358
3373402628
3373402629
208863242
208863235
208863242
225104781
209424747
1215827364
1215827356
3373402629
1215827358
3373402629
1215827356
225104781
225104777
9027096896
208863229
9027096896
209424725
6896814371
420286893
9005120097
9015557882
9015647961
209424689
209424675
209424689
9001637867
9001554553
182070155
209424658
208932380
208932395
208932355
293294416
209046758
209046754
209046751
209046748
293294414
293294413
293294414
133342201
208932417
3577140054
293294415
293294416
293294415
209046754
26232424
209046764
237602091
237602087
237602091
209046758
209424662
209424658
26232418
