31703077
31703543
31703542
31703078
31703077
31703078
31703079
31703541
31703540
31703080
31703079
90443810
90443754
31703080
31703081
31703539
31703537
31703082
31703081
90443811
90443754
5413887826
9319449704
5413887826
9319449705
90443636
90443824
90443811
90443824
90443636
90443637
90769707
90443637
90443645
90443757
90443661
90443658
90443652
90443645
90443764
90769712
90443652
90769712
90769626
90769622
90443764
90769707
90769621
90769620
1514934631
31703533
31703087
31703083
31703082
31703083
31703537
31703533
31703529
262193171
4067184227
1241274079
189388811
32661783
212652265
32661782
212652265
212652252
212652240
32661782
189389075
212652371
32661783
212652255
189388834
189388811
32661785
5258425475
189388875
212652380
1711516491
5422419169
248414151
189388895
3548893034
212652391
212652396
189388899
189388895
248414083
248414092
189388899
189388910
212652401
189388940
189389001
212652405
189389001
212652410
189388940
248414578
32661275
248414529
32661275
248414509
32661275
1764306742
248414150
248414142
212652401
212652396
212652391
212652405
212652386
212652333
212652329
189389011
189388875
212652323
32661785
189388811
1241274079
4067184228
189389064
8639104063
1241274062
31703529
1241274062
8974874823
4067184226
4067184227
4067184226
4067184230
4067184228
4067184230
8974874823
8639104063
189389064
212652371
189389075
189389101
261792767
31703093
31703087
90769697
90769620
90769622
90769621
90769707
90769697
31703087
31703093
1364467468
261792767
1364467468
6871153039
5118378270
4679019439
3716140868
3716140857
7943620274
4507191534
615028328
615028326
32764434
615035106
32764426
32764425
615028310
615028301
303183144
270938353
615028313
270938352
248511588
248511827
615028285
248511827
248511828
615028272
225689651
248511976
225689651
225690075
225689651
666820901
225689634
225689614
615028279
9784007480
303183166
248511609
303183166
270938353
9310766778
301299339
32764425
615035075
615028311
615028310
615028309
615028303
615028254
615028253
248511618
32661531
615028251
248511670
248511639
225690278
615007190
248511968
248511691
248511690
225690278
248511646
666824835
615007190
248511968
248511839
615007191
615007190
666824835
615017632
615017630
615007191
615017622
615017550
248511839
248511840
371485971
615017550
615017548
615001836
615001834
615001828
301495983
615017546
615001834
615001836
615001851
371485971
615001851
615001838
356868072
615001852
615001838
615001852
615001830
615001811
615001800
371479851
615001790
371480280
615001784
371480280
615017516
615017515
9267340629
615017510
615017510
615017510
9267340629
615001784
615001783
371479851
615001800
615001798
615001790
615017517
615017516
1700539705
1700539707
615017517
615017533
615001798
615001803
615001817
248511702
615017535
615017534
615001803
615001817
248511702
615017532
615001807
615001817
615001811
615001830
615001828
615001826
615001807
615001826
615017544
301495983
615017538
615017543
615017537
615017532
615017544
615017543
615017587
615017586
615017537
615017535
615017585
615017584
615017534
615017533
615017563
615017565
5422245096
5422245096
615017565
1700539707
1700539705
1764326135
615017515
1764326135
615017557
615017556
615017556
615017557
1764326135
1700539705
1700539707
615017565
615017563
615017584
615017583
615017593
615017585
615017586
615017596
615017593
2188384324
615017583
2188384324
615017605
615017596
615017604
615017587
615017598
615017538
615017619
615017546
615017548
615017618
615017622
615017628
615017627
615017597
615017598
615017607
615017604
615017611
615017605
615017611
615017612
615017607
615017608
615017597
615017619
615017618
615017627
615017606
615017637
225689745
225689726
225689745
615017639
225689745
2189068977
5415780057
615017630
615017628
615017637
301496000
3710280342
615017642
224645046
5388384978
224668114
224645014
6160129071
5351302365
4374135393
4033288124
4900415641
4033288124
5071727027
4680784069
6323360998
4680784069
5071727027
8645038473
3892518938
8645038473
5071727027
8645038473
8645038432
8759090949
3892518941
8759090962
3892518933
3892518937
6456826803
3892518937
6126661470
3892518933
8759090962
8759090949
3892518941
6828058686
5417314866
6827985278
3892555751
9846701038
8759009737
3892555751
7006322828
3834890885
8758861421
8645038456
6149997674
6549751104
3892518938
6939390786
3892518938
6549751104
6855873367
6126661470
6269832259
3834890885
7006322828
5417314866
6827985278
5417314867
5417314868
5417314866
6828058686
6286909500
3892518939
6939390786
6828058686
6939390786
6162103795
3892518939
6286909500
8422675482
5417314868
8422675482
6456826803
6855873367
6549751113
6269832259
6549751113
6149997674
8645038456
8645028001
3726912717
8645028001
8645027989
4900415641
7725733430
3716140868
4679019439
5030744100
3716140857
5111789341
4686093086
5030744100
4507191534
6947008048
262194808
6205694757
6587233884
6205694757
6762244566
5888044877
8639103696
262193171
8639103696
8639103947
5888044877
6871153039
6205694757
6762244566
6587259185
6587233884
6947008048
6323360993
6160120116
6249945837
615035085
32764434
4675051537
32661148
615035098
8641842778
8641842778
615035098
615035094
4221789588
248511735
248511738
248511735
504426778
248511738
5296589830
504426778
5296589830
248511740
5296584812
5111789341
5296584812
248511740
9222058622
504426597
248511978
1514937714
9222058633
248512042
248511823
32661153
322137335
248511822
248511821
248511820
248511819
248511811
321801531
270938297
270938351
270938297
321802175
321875760
615028293
321875760
321875804
248511977
321874539
321802175
321874539
321800131
248511820
321800131
321801531
321800131
321800132
248511821
248511820
4939253342
481363045
481363043
481363015
224644954
224644950
224644944
224644939
224688937
97876426
97876423
1767776789
97876423
224688894
97876421
224688899
224688894
224688899
224688908
97876426
224688908
97876431
97876286
3896722822
3736487906
3912479023
32124721
32124659
32124661
3912479025
32124721
3896722817
97876308
97876318
3711099621
8013744880
5303630348
8645540464
8013744880
8645540464
2093646952
97876381
224668161
224668167
97876393
97876387
210271280
224688982
224644961
224644954
2694711330
481363045
2694711330
4221789588
2694711330
481363043
504426597
9222058622
1514937714
9222058633
504426660
248511823
504426660
248511978
5310220848
32661153
265816300
1242690444
248512042
1242690444
248512034
224645046
2187146318
316169589
316169591
321876525
316169591
321875828
321874605
248511824
321800133
248512034
321800133
316169589
321874605
248511977
321800132
248511824
322137336
322137335
322137336
248511822
248511821
5310220848
4939253342
8641880956
615035094
1764306722
32661148
1764306722
8641880956
1764306722
248511819
615035083
207220545
615028321
615028323
615028320
615028292
615028290
321876571
321876549
321875804
321875828
321876547
321876525
316169594
666819710
316169594
316169604
301496000
615017615
615017606
615017608
615017614
615017612
615017614
615017615
3677336665
615017641
615017642
615017641
3677336665
3710280342
3677336666
2187146318
3677336666
316169604
615017639
615028262
248511832
248511829
248511828
615028287
615028265
248511829
615028259
225690075
225689726
225690352
2189068990
225690352
2433799209
225690075
225689726
316169601
248511832
316169601
615028259
615028272
666820901
225689634
1243290605
9784007480
1243290605
615028279
615028281
9784007483
225689614
9784007488
248511588
9784007488
9784007483
615028281
615028313
9310766755
32764426
615028318
615035105
615028318
615035075
615028311
4504038219
615028308
615028306
32661530
615028306
615028295
615028294
32661530
615028297
32661530
615028307
615028308
4504038219
615028309
615028307
615028298
248511618
666825104
32661532
615028250
248511646
248511670
248511672
248511641
32764415
615028252
615035071
248511641
248511639
248511628
248511690
248511628
32764415
248511692
248511691
248511692
615035052
615028252
615035071
615035072
615028295
615035072
248511672
615028294
615028251
615028250
32661532
32661531
615028297
615028298
615028303
615028301
615028256
248511975
615028256
615028255
615028254
615028255
615028253
301495996
225690176
666825104
615017632
5415780058
225690415
5415780058
5415780057
2189068977
2189068990
225690415
2433799212
225690176
301495996
301495997
248511975
301299342
248511609
248511976
2433799209
2433799212
301495997
248511975
301299342
303183144
301299339
9310766778
9310766755
270938390
270938352
615028314
615028285
615028291
615028292
615028291
615028287
615028288
321876549
321876547
615028264
615028265
615028262
666819710
615028264
615028288
615028290
321876571
615028293
615028322
615028320
615028314
9267404659
270938390
9267404659
615028323
615028321
615028322
270938351
321801821
207220545
321801821
321801851
248511811
321801851
615035083
615035106
615035105
615028326
615028328
615035085
4675051537
6249945837
7943620274
6160120116
6323360993
6323360996
6323360998
6323360996
6113227823
5351302366
5351302365
4672297995
3726912717
6160129075
6160129071
7086920210
6160129067
6162103795
6160129067
6515672425
6160129075
6515672425
7086920210
224668114
224645014
4686685719
97876452
97876448
1650473329
97876387
97876433
97876431
224688939
224644944
224644950
224688942
3512515538
224688946
224688978
210271280
224688978
97876433
224668229
97876286
5052214622
97876381
5052214623
2093646952
224668191
224668172
224668167
97876393
8645516674
224668229
8645516674
5052214622
224668161
224668167
224668187
224668172
224668177
224668191
224668177
224668195
224668187
224668167
97876448
224688986
224668237
97876452
4686685719
5388384978
2883403287
1647511608
224688986
1650473328
224688982
1650473328
1650473329
1650473328
224688986
1647511608
2883403283
2883403287
2883403283
481363015
224644961
3562632590
224688964
224688946
224688964
3512515539
3562590293
3562632583
3562632590
3562632583
3512515539
3512515538
224688942
224688939
224688937
224644939
1767776785
224644929
224644923
224644918
224644912
224644905
90769628
90769626
90769712
90769716
90769745
90443658
90769745
90769716
90769628
224644905
224689036
224644912
224689036
224688934
97876413
3560183207
5414142185
90443729
32124729
32124728
32124727
32124726
32124725
32124664
3559238699
32124661
3559238699
32124724
32124723
3912479025
3912479023
3912479025
32124723
32124724
4386937986
4379851925
4379851925
4386937986
32124725
32124726
97876051
32124665
32124664
9348932239
89408470
32124665
89408470
89408411
32124666
32124665
97876051
97876045
32124666
32124667
89408401
89408411
89408401
89408396
32124668
32124667
97876042
32124728
97876042
97876045
32124727
97875914
32124726
7430760488
97876421
224688914
224644929
224688919
224688882
1767776785
1767776789
224688914
224688926
224644923
1352600156
224688882
224688919
1352600156
224644923
224644918
224689017
224688926
224688921
224689033
224688921
224688993
224689017
224688934
97876413
224689008
224689025
224688993
224689025
224689033
5041151157
224689008
5041151157
7430760488
32124726
97875914
32124728
32124729
90443559
32124731
32124732
85000155
32124732
32124733
32124671
84996999
4542243544
89408389
89408396
32124668
90443555
89408389
4542243544
333457719
84996999
85000155
85001547
32124731
85001547
333457719
90443555
90443559
89408384
90443729
89408384
90443719
90443661
90443757
9319449705
9319449704
9311484645
90443810
9311484645
90443772
90443807
90443807
90443807
90443772
32124735
32124736
32124673
5098156688
32124735
89408360
32124733
89408360
89408354
32124671
89408354
5098156688
32124673
4335915413
32124676
4335915413
32124737
32124736
32124737
32124738
32124677
32124676
32124677
90443622
32124678
90443622
90443619
32124738
90443619
32124739
31703077
32124739
32124678
90443623
4349834387
31703546
31703545
31703543
32124741
212635965
212635960
31703542
31703541
212636047
212635960
212635965
9311439466
212636011
212636081
212636074
212636068
212636095
212636070
212636068
1649132104
212636055
212636042
212636016
212636011
9311439466
212636089
212636081
212636084
212636078
212636070
212636078
212636074
4333539393
212636016
4333539088
4333539393
4333539088
1649132104
1649132101
212636095
1649132101
212636108
212636055
212636061
212636036
31703539
31703540
212636043
212636047
212636043
212636042
212636036
212636061
212636063
3037150042
1360453317
31703537
1360453317
1514934640
1514934631
1514934640
3037150040
3037150042
3037150047
212636108
212636063
212636108
3037150047
212652240
212652279
212652269
212652252
212652255
212652308
212652261
189388834
212652323
212652319
189389011
212652329
212652316
212652315
212652261
212652319
212652316
212652326
212652346
212652315
212652312
212652271
212652269
212652308
212652312
212652271
212652284
212652279
212652284
212652291
212639572
212636188
615101617
212639525
1363501841
212636190
212636078
212636190
212636087
212636084
212636090
212635970
32124743
32124741
212636000
212635984
31703545
212635984
212635989
32124679
4507861074
32124681
212636160
1329114159
212636174
32124682
32124746
32124745
32124743
212636135
212636127
212635995
212635989
212636000
212636127
212635995
212636140
212636135
212636155
32124745
212636178
212635979
212635975
212635970
3542133822
212635965
3542133822
212636089
212636090
212636093
212635975
212636093
212636087
212636189
212635979
212636189
212636185
212636178
212636185
212636186
3537208395
1583212801
212636188
212636231
212636233
212636197
212636186
212636196
212636190
212636196
3537210782
3537208395
3537210782
1363501855
1363501841
1363501855
212639529
615101617
212639529
1583212801
212636233
212636223
32124570
212636244
212636235
32124570
208797621
276498354
208797611
1768197348
4022769409
208813032
212636235
212636244
212636252
212636257
7721357044
32661316
32661313
32661292
615101702
32661292
5416503443
615101701
212659205
615101701
615101702
5414208811
212659205
3090629830
212659199
212652303
212652295
212639572
212652291
212652350
212652271
212652350
212652348
212652346
615101692
212652356
212652342
615101691
212652336
212652326
212652336
212652333
212652386
212652380
5258425474
5258425475
5258425474
415015716
248414127
248414151
248414127
248414083
248414092
248414110
189388910
248414082
248414149
1764306741
1764306739
505778221
248414128
248414141
248414110
248414141
248414082
248414142
248414150
248414149
505778221
248414128
1764306737
1764306739
1764306741
615101685
1764306742
615101685
615101689
248414173
6561651336
248414458
248414174
32661278
32661277
248414529
248414527
248414173
615101689
248414509
248414527
248414503
248414458
248414503
32661277
248414505
248414578
248414505
212652412
212652410
212652412
1764306743
32661278
248414174
248414176
248414269
248414239
248414217
8536644088
248414175
8536644088
248414198
32661282
1764306745
248414239
615106835
248414271
248414178
248414362
248414174
248414362
248414402
248414449
248414402
248414449
248414178
248414176
1764306743
1764306744
1764306745
1764306744
248414269
248414271
615106835
248414218
248414217
248414218
248414175
248414198
32661282
2091616645
32661285
32661286
212659253
212659233
212659229
664323855
212652303
212652295
212652351
212652350
212652351
212652361
212652348
212652361
212652360
212652345
212652342
615101691
615101692
212652356
212652360
664323857
212659229
212659249
212659239
212659199
212659239
664323855
212659237
212652361
212659237
664323857
212659264
212652345
212652362
615101697
212659259
32661285
2091616645
1764309508
32661282
1764309508
212659259
212659264
212659233
212659253
212659249
32661287
32661286
32661287
5414208808
5414208811
248408486
248408559
248408769
8925472404
248408769
248412292
8925472387
248411646
8925472396
248411646
8925465486
8925465484
3711195988
8925472404
8925465484
8925472396
248412292
617933841
248408559
617933841
248412293
8925472387
248412293
3659605565
617933877
2310682410
248415104
248414884
248415079
3711199625
248414907
248414891
615106839
248414891
4379160812
4377499198
32125272
248413829
248413879
4291194133
6502651861
4291194115
5268947589
4913020567
6502651861
4291194115
6366003259
5299879644
6041907632
6366003259
4291194133
248413879
618066355
248415019
248414969
615106839
615106851
248415019
615106851
4586554023
4377499198
4379160812
3711199625
248414907
248414886
248414885
248414886
617933932
248414885
248414884
248415104
2310682410
617933877
3659605578
617933875
3659605578
3659605566
3659605565
3659605566
617933875
248414845
617933863
3604128039
248414845
3604128039
32125245
32125238
1765696569
32661321
32661320
32661319
212636272
208813022
208813020
208813014
212636280
32661321
215755158
3586941876
215755162
4365601292
215755162
3586941876
4365601292
1765696569
212636282
212636287
4281069771
32125238
4281069771
4281069770
511839073
212636287
511839073
208813009
215755086
3586941867
4281069770
3586941867
5084643117
511839460
215755086
208813009
215755087
208813014
215755087
212636282
212636280
212636277
32661320
5192045255
215755158
5192045255
215755169
32661319
4848688319
32661316
212641295
212641281
212636252
212641277
208813032
212641277
212636257
212636261
208813028
208813025
208813022
208813020
212636277
212636272
212636266
208813025
208813028
273474077
208813032
4022769409
1765696567
273474077
208813028
212636261
212636266
4848688319
32661319
215755169
215755165
4848688318
32661319
4848688318
1429454590
32661313
1429454590
32661316
7721357044
276499754
212641295
276499754
212641281
615101618
212636231
615101618
212636223
212636200
212636197
212636200
212636220
212636202
212636178
212636202
32124747
32124567
3539791878
32124566
212636205
212636210
212636205
212636218
32124682
212636218
212636210
32124747
32124746
32124745
212636155
212636169
212636174
212636169
3708177730
212636160
3708177730
212636140
4507861082
32124681
4507861082
4507861074
32124679
31703546
4349834387
31703077
