30914720
289287004
276284397
3700456784
215646369
246650011
246650103
246650101
215646369
4080358353
289287004
3700456787
215646483
215622859
215646532
215622859
6604194865
301281811
246653447
246653445
246653444
246653605
246653616
246653613
246653419
246653410
246653409
246653420
246653409
596687500
246653425
596687499
596687498
596687499
596687498
596687547
596687546
596687547
596687546
596687539
596687548
596687539
596687548
246653420
4555438562
246653616
4555438562
246653420
246653419
246653417
246653414
246653410
246655912
246655909
246655903
215622791
215622764
246655901
215622764
246650069
246650022
224965005
246655898
224965013
224965069
224965013
246655898
224965013
246655916
224965013
4483999921
4483999912
8887390510
224965069
8887390470
224965069
8887390470
246653554
8887390474
301282000
301281993
5006062166
301281550
4518247134
301281811
4518247134
4504637806
246653447
4504637806
246653613
246653614
246653417
246653414
246655910
246655907
246655901
246655900
246650069
246655856
246650030
246655921
246655924
246655920
246655685
246653275
4492648673
246653153
246653152
246653151
246650035
246655830
246655833
246655829
246655827
246653150
246653149
246650035
246653149
246655847
246650038
246653161
246653156
246653162
246653156
246655839
246653163
246653160
246653161
246653162
246653158
246653157
246653150
246653157
246655843
246655692
224964990
246650009
246649998
246649988
246649981
246649966
1766419154
246649988
4309913459
246649980
246649976
246649973
3700491726
246649973
246649974
3700491725
3700491524
246649978
246649974
246649976
246649973
4502102328
246650076
215665140
3700491737
3700491736
246650076
246650074
246650081
215665140
246650085
3700491738
3700491737
3700491736
4502102327
4502102328
4502102327
3700491726
3700491725
3700491524
3700491522
246649991
246649978
246649980
246649981
246649966
1766419153
1766419154
1766419153
743649685
1766430893
743649685
1766419145
4508499398
1018669834
4658788802
1766419145
3700491520
246649991
4309913459
1766430893
3700491520
3700491519
3700491522
3700491519
4508499398
1018669834
3700491763
596643271
596643271
596643271
3700491763
1018669932
3700491770
1018669768
1018669726
3700491766
1018669768
1018669726
4658788804
4514936342
4514936344
4514936346
596643284
30914720
276284382
276284399
215646520
215646532
4553628107
246656320
5023167183
246656320
4549997916
276279151
215646520
276279151
246650096
4494103351
4494103351
4494103351
246650096
3700477087
4549997916
3700477087
3700477083
246650096
3700477083
246650094
4658788448
246650091
246650085
246650086
246650081
246650083
1765465225
246650074
1765465225
224965005
246655862
246655857
246650022
246655899
246655898
246655899
246655900
246655899
246655904
246655916
246655915
246655914
246650024
1269961187
246650024
1269961183
246656359
246656357
246656355
246656353
246655913
246655906
246655904
246655914
246655913
246655910
246655912
246655909
246655907
246655906
246655900
246655901
246655903
215622791
246655918
246655917
215622764
246655917
246655923
246655922
246655921
246655924
246655923
246655922
246655856
246650030
246650032
246655689
246650034
246650032
246655858
246655690
224964995
246655824
224965000
276284384
246655862
276284384
224965000
3711818462
246655857
246655856
246655857
3711818462
246655858
246655824
224964995
1269962763
224964990
246649999
224964986
246653235
246650109
246650101
246650097
246650108
246650007
246650039
246649998
246649999
246650001
246655692
246655693
246650003
246650001
246650041
246650012
224964986
246653640
246650039
246653623
276284393
246650007
246653651
246653640
246653651
246653235
246653236
246650012
246653236
246650111
246650021
246653237
246650041
246650043
246650003
246650004
215622759
246655694
246650049
246650004
246650044
246653239
246650115
246650114
246650112
246650021
246650104
246650017
246650011
246650017
2195696737
246650017
3954639331
218315644
215646369
218315644
3954639333
3954639332
3954639330
213839411
213839416
218359130
218315841
218315821
218315812
218315845
218315841
218315845
218327064
218327058
218315812
596968593
596968592
218327058
1343659904
218315797
218315864
218315797
596968584
596968579
218327197
218315797
218327197
218327201
218315864
1766419142
218327064
1766419142
1343659904
596968588
596968584
596968581
218327228
218327187
218327181
218327244
218315566
596968604
218344359
218315763
3665951573
218315763
1028375886
218315761
218315719
218344326
30914740
218315547
218344304
218344290
218315732
218315724
1028375894
218344277
218315752
1028375816
1028375894
1028375816
218315732
218344308
218315719
1028375826
218315714
596968507
2414515060
218315662
3669774183
218315566
218315657
596968569
218344369
218315610
9632083912
218315605
218344345
218344316
218315561
218344336
218344331
1582080653
218344359
218344369
1827946612
1582080653
1827946612
218344345
218344336
218344331
218315761
218315756
218315561
1766419103
218315752
218315756
218344308
218344304
218344326
30914740
4502139569
4502139566
218315547
4502139561
4502139558
30914736
4502139554
4502139548
30914736
218344161
218344078
218344052
218315535
218315532
218315530
298569886
218315742
218315741
209507991
218315557
218344069
218343986
209507991
218315741
218315532
218315535
218344062
298569884
218344052
218344078
298569885
218344083
218344156
218344083
218344091
218344147
218344141
218344096
218344091
5111617815
218344122
218344030
218344026
218344020
218343991
7630096468
218343986
218344069
218344030
5111689959
218315557
218344041
218344046
218344041
5111689959
5111617815
298569882
218344046
3665143680
298569884
298569883
3665151484
298569885
3665151484
1005952045
218344083
1005952045
298569882
3668397902
298569883
3668397902
3665143680
218344046
218344066
218344062
218344066
218315741
218315742
298569886
298569888
218315530
5409969546
218315551
5409969553
218315551
5409969554
5409969546
5409969553
4502139548
4502139554
4502139558
4502139561
4502139566
4502139569
4502139570
218344350
218344353
218315714
3665810835
3665951573
3665951570
1028375826
3665951570
1028375886
218315763
596968606
218315662
218327240
218327179
3669761313
218327176
218327208
218327140
218327116
218327086
218315769
218327123
218315769
2445114453
218315769
2445258603
218315774
218327044
218327031
218326982
218315570
218326906
218326895
218326890
218315570
2414515008
218326888
218326860
218326855
218315688
5065183941
2448285186
4487062370
4487062493
2448285186
5065183941
4080867661
218315688
218326946
218326947
218315709
2444613705
218315697
2444613704
218326946
2444613703
2444613704
2444613703
2444613705
2444613704
218315697
218315701
4487062496
218315701
3700491785
3700491781
2503480295
1018669932
3700491770
1018670035
1018670035
3700491770
3700491781
2503480295
3700491786
3700491784
3700491786
3700491785
4487062496
3700491784
4487062493
2448285186
4487062387
4487062370
4487062387
218315545
4502139584
1011895194
4502139579
1011895208
4502139578
4502139577
266788047
4502139576
218315669
596968514
218344353
218344326
218344353
218344350
4871947921
4502139574
266788047
4502139570
266788047
596968525
4502139577
4502139578
4502139579
4502139584
1011895194
4502139576
4502139574
4871947794
4871947921
4871947794
596968514
596968507
3665811362
3665810835
3665811362
596968606
596968604
596968569
596968565
218315610
218344372
218315646
213759739
618527751
218344372
218344317
9632083912
218315605
991873240
218344316
3419786914
218344299
218344271
218344248
218315594
213759821
213759823
213759831
213759823
218344204
218315594
2506666390
218344271
218344299
3661249234
3419786914
3661249234
1766419103
218344273
218344251
218344194
218344189
218344185
218315729
218315724
218344263
218344290
218344263
218344259
218344165
4502139559
218344174
218344165
3167036799
218344185
218315736
3167035148
3167035150
218344177
218344161
218344156
218344152
218344147
218344235
218344218
218344194
218344199
218344248
218344251
218344253
218315729
3167035014
3167036799
3167035014
218344259
218344165
218344174
218344177
4502139559
3167035148
3167035150
218344225
218315736
218344222
218344218
218344214
218344199
218344204
218344208
213759831
213845756
213759835
218344106
1003297710
1003297710
218344106
218344115
218344121
218344026
218344121
218344100
218344096
218344122
218344121
218344100
1003297729
1003297729
218344100
218344136
213759835
213845756
218344244
218344136
218344141
218344240
218344214
218344208
218344244
218344240
218344235
218344229
218344152
218344156
218344225
218344229
218344222
218344189
218344253
218344277
218344273
218344271
2506666390
4845792511
4845792512
4845792512
4845792511
991873240
218315790
218344349
218315605
218344349
218344317
618527748
618527751
213759739
32585167
4487062503
213759681
4487062505
213839416
4487062505
4487062503
213759681
213759684
4487062514
4487062509
213759684
4487062509
213839411
218315876
218359130
218359124
218315826
218315821
596968599
596968593
596968595
218327035
218326984
218326906
596968597
596968596
218315826
596968596
596968599
596968600
218326984
218326982
2414515006
218326973
218326918
218326883
218326855
218326947
2105919571
218326860
2444454072
218326890
218326888
218326883
4080867661
218326924
218326918
2414515008
2414515006
218327026
218315774
218327040
218327014
218326995
218326969
218326924
218326969
218326973
218327020
218326995
218327014
218327070
218327082
218327070
2445258604
218327040
218327020
218327026
218327031
218327035
218327048
218327044
218327094
2445258603
2445258604
218327086
218327082
218327111
218327116
218327111
218327145
218327140
218327136
218327123
218327116
218327123
218327128
218327135
218327128
2445114453
218327094
2445258602
218327048
596968591
596968592
596968588
2445258605
596968581
596968576
218327187
218327249
218315657
596968558
596968562
596968565
218315646
3569715693
32585167
3569715693
596968562
596968565
596968558
596968572
596968574
596968562
596968574
596968579
596968576
596968572
218327249
218327244
3669774190
3669774183
3669774190
218327240
2414515062
218327166
218315669
2414515060
2414515062
218327176
3669789653
218327171
218327156
3669789649
218315684
3669789657
218327145
3669789657
3669789656
218315684
3669789654
218327171
218327166
218327156
3669789649
3669789654
3669789655
3669789653
3669789655
3669789656
218327208
3669761314
3669761313
3669761314
218327214
218327136
218327135
218327219
218327181
3669772439
218327179
3669772439
3669772441
3669772440
218327179
3669772440
218327214
3669772442
3669772441
3669772442
218327219
218327228
2445258602
2445258605
596968591
596968595
596968600
596968597
3807013999
218326895
596968644
3807014001
596968644
2444454072
9574035177
2105919571
2414668286
218315709
2414668286
2105919572
2105919573
218315575
218315575
2105919573
9574035177
2444454072
596968644
3807014003
596968630
3807014002
218315876
218359124
3807013997
3807014001
3807013999
3807013998
596968596
3807013998
3807013997
3807014002
3807014001
3807014003
596968635
4658727101
596968630
4658727101
5412346691
4658727102
3954639560
4658727103
4658727102
5412346691
5412346690
596968635
5412346690
4658727103
3954639560
3954639333
3954639332
3954639331
246653170
246653165
246650051
215646362
215622744
215622753
246650127
215622753
246653180
246650119
246650117
246650115
246653178
246650051
3954639334
246653170
3954639330
3954639329
3954639328
3954639329
3954639334
3954639328
4658729358
3954639326
215622735
3954639326
4508499394
4487062514
4508499394
3954639326
4658729358
4658729359
3954639334
4658729359
215622735
585147677
215646362
585147677
215622744
246653179
246650117
246653240
246650046
215622759
215622783
4309979562
246653182
246650047
215622783
5861561909
246655694
246650049
246655693
246653164
246653163
246655839
246655845
246655840
246653158
246655840
246655842
246655843
246655842
246655846
246655845
246655846
246653164
246655844
246653160
246655844
246653154
246650038
246655847
246655849
246653151
246655849
246653154
215622786
246655769
246653152
246653153
246655768
215622789
215622786
246655811
246655694
246655811
246655810
215622789
246655817
246653184
246655817
246655813
246655812
246655807
246655797
246653183
246655696
246655808
246655696
5861561909
246655810
246655808
246655812
246655813
246655814
246655793
246655814
246655807
246655797
246655793
246653184
246655770
246655771
246655770
246655799
246653185
246655747
246655753
246655767
246655753
246655764
246655754
246653186
246653185
246655745
246655698
246653246
246655733
246655732
246655698
246653246
246653271
246657156
246657155
246655734
246653270
246655736
246653247
246653254
246653251
246653255
246653251
246653255
246653254
246653247
246650126
246650124
246650122
246650121
246650119
246653241
246650047
246650046
246653744
246653772
246653744
246653772
246650044
5705454263
246650043
246653238
246650114
246653177
246653165
2195696737
246653176
246650112
2195696738
246653237
246653236
246653237
2195696738
246653238
246653239
246653240
246653241
246653242
246650121
246653233
246650127
246650129
246650134
246650129
246653232
246650122
246653243
246653242
246653182
246653244
246653243
246653244
246655731
246653230
246655697
246655698
246655745
246655798
246655799
246655798
246655697
246653230
246653183
4309979562
246655731
246655732
246655742
246653244
246655742
246655736
246655733
246655734
246653271
246653272
246657157
246657156
4659212555
4659212551
4659212545
246657157
246657158
246655726
246653272
246655726
246653187
246653186
246655754
246655762
246655754
246655757
246655755
246653187
246657159
246657158
246655727
246655702
246655699
246655735
246655700
246655699
4659212552
4659212555
4659212552
4659212554
4659212546
4659212545
4659212551
4659212554
4659212546
246655702
246655728
246655700
246655728
438419706
1448470077
246653195
246653189
246655704
1765465239
246655708
246655723
246655707
246655720
246655706
246653278
303687926
246655750
246653198
246653197
246653198
393564248
246653198
246655750
246653199
393564245
3703417456
246713253
246713243
2882378707
246653368
246713257
246713243
246713253
246713258
246713254
246713258
246713257
246713255
246713254
246713259
246713252
246713242
246713251
246713242
246713260
246713255
246713256
246653368
246713263
246713262
246713270
246713267
1448557341
1448557341
1448557341
246713267
246713272
246713263
246713272
246713270
246713262
246713261
246713251
246713261
246713256
246713261
246713260
246713259
246713252
3703417455
3703417456
3703417455
246653215
246653200
4517185894
246653199
4517185894
4517185895
246653215
4517185895
393564245
246655749
246655750
303687926
4492648893
246653274
246653273
4492648891
246655705
246655725
246655705
246655721
246655708
246655723
246655724
246655720
246655707
246655712
246655709
246655710
246653189
246653196
1448470085
246653195
1448470085
1448470075
246653196
1448470089
246713549
246713512
1269948953
246713514
246713515
246713514
1448557419
246653280
1450239291
1448557340
246713517
246713515
246713517
1448557340
1448557419
1448557397
246653212
246653197
246653212
393564248
246655749
393564248
246713548
246653280
246713548
1448557397
246713547
246713549
246713512
1269948962
1269948953
1269948962
246713547
1448557397
246653212
4659212541
4659212539
246655711
1448470084
246653196
1448470075
1448470086
1448470089
1448470084
246655711
246655710
4659212538
4659212540
4659212538
4659212539
4659212541
4659212540
246653197
246655718
246655714
246655713
246655715
246655712
246655715
246655716
246655709
246655716
246655714
246655713
246655719
246653278
246655717
246653198
246655717
246655718
246655719
246655720
246655706
246655725
246655724
246655721
246657160
246657161
246653273
4494103383
246655759
4492648688
246655757
246655755
246657161
4492648688
4492648686
246655756
4494103379
246655759
4494103383
4494103379
246655756
4659212543
246655760
4492648685
246655761
246655763
246655764
246655763
246655767
4492648684
246655752
4494103369
4494103374
246655760
4494103374
4494103369
246655752
246653276
4492648683
246655747
246655782
246655777
246655771
246655772
246655772
246655772
246655771
246655780
246655791
246655792
246655777
246655782
4492648682
246655781
246653276
4659212542
246653274
4659212542
246653276
246655781
246655788
246655781
4494103365
246655778
4492648681
246655792
246655791
4492648678
246655779
4494103356
246655779
246655785
246653275
246655785
246655787
246655788
246655787
246655788
246655790
4494103360
246655778
4494103365
4494103360
246655790
246655789
4494103356
246655789
246655787
246655785
4492648676
246655784
246655780
246655784
246655768
246655769
246653152
4492648672
246655685
246653275
246655919
246655918
246655919
246655920
246655917
246655920
246655685
246655689
4492648668
4492648666
246650034
246655690
4492648665
224964995
1269962763
1269962765
1269962764
1269962765
1269962764
246655827
4492648665
4492648666
246655837
246655830
246655837
4492648666
4492648668
4492648672
4492648673
4492648676
4492648678
4492648681
4492648682
4492648683
4492648684
4492648685
4659212544
4492648686
246655762
246655761
246655762
4492648686
4659212544
4659212543
4659212542
246653274
4492648893
303687926
4492648893
4492648891
246657160
246657159
1765465239
246655704
246655727
1448470077
438419706
438840417
246713559
246713559
246713559
438840417
438419702
246650151
438419702
246650153
246650151
4658735294
303687914
246657154
246655738
1269950707
1269950707
1269950707
246655738
246655735
246657155
246657154
246653270
303687917
303687914
303687917
246650142
246650126
246650124
246653231
246650134
1450239184
246650142
1450239184
246653231
246653232
246653233
246653180
246653179
246653178
246653177
246653176
246650104
246650103
246650111
246650109
246650108
276284393
246650108
246650097
596643250
596643250
596643250
246650097
3700456784
276284397
3700456787
215646483
215646475
1763307857
320598610
215646537
215622863
301281260
4720599349
301281550
3700477045
246656710
246656709
215622773
1350176668
246656710
3700477045
344875609
246656709
1763307869
344875815
344875609
5006062166
5755146174
301281993
5755146174
301281775
301281873
246653614
246656362
246656363
270375695
246656363
270375698
3017976103
3017976063
270375698
3017976063
3017976054
270375729
3017976054
3017976066
3017976099
246656356
246656355
246656353
246656355
246656357
246656359
246656357
246656358
246656360
246656359
1269961183
270375699
1269961185
1269961187
1269961183
1269961187
1269961185
270375699
246656360
246656358
246656356
3017976099
3017976116
3017976103
3017976122
246656353
270375693
3940893735
270375694
270375695
270375694
3940893735
270375693
246656353
3017976122
3017976116
3017976066
270375729
270375728
3017976098
270375728
3017976098
246656362
246653614
246653613
4504637806
301281775
301281873
6604194865
4483999912
4483999921
8887390510
8887390474
301282000
4720599349
5953219789
246653447
5953219789
301281415
301281415
301281415
5953219789
246653565
246653566
246653565
246653566
246653567
1763345724
583124706
596689042
393565840
596688322
596688346
596688322
596688340
596688328
596688343
596688328
596689069
596688340
596688343
596688346
393565843
393565840
596687934
596689042
583124706
583120975
583120988
583120975
1763345723
583121669
596689051
1763345699
1763345699
1763345699
596689051
583121669
596689035
596689039
1763345724
596689040
596687911
659720227
659720227
659720227
596687911
596689040
1763345724
596689039
596689035
583121669
1763345723
583120988
246656710
1350176668
344877203
344877202
215622773
5423002470
344876007
344875938
344875936
344875935
344875850
344876031
316159218
344877199
344877777
316159219
344877819
344876793
320613655
344875444
344876442
320614613
344876164
620352420
301007875
620359486
301007875
620350436
299867911
620359377
344877571
344877563
300060773
660434526
300060316
299869411
299869206
299867912
299867913
300060747
300059599
300058662
300059996
299783596
299869025
299869138
299791064
299783596
299791064
299869138
299869168
299830867
299791064
300059995
300059599
300059598
300059597
300059596
300056497
299869333
299868966
299830867
300059994
300059598
300060746
299867912
301003837
301002942
299792742
299790963
299790938
301002951
301003833
301002951
620359373
299790963
299797937
300153417
300153610
300153417
300153452
299798692
299797937
299824035
300152989
299798692
300886630
300154115
264393133
300863881
300152989
300863881
300886630
300154115
299821120
299820965
300153628
300153452
299821120
299820965
3678581826
215665192
3678581826
1328078713
300154878
300154755
215665192
300154654
300153628
300153610
300154570
300154654
300154570
300154659
300154755
300154659
300154826
300154878
300155325
300155127
300154826
300155127
300155616
300155507
300155325
660646969
300155507
300155751
300155692
300155616
300155692
300156075
301008159
596643764
301007875
596643764
596643759
344876165
320614721
320614613
344877750
344876443
344876442
344876306
320614721
3711818500
300156074
320614874
300156074
320615233
320615107
300120847
660646963
300120847
320615690
300149451
320615109
320615689
320615107
3711818500
1146677093
300156075
4775830669
1146677087
300149451
1146677087
300155751
660646968
660646969
660646968
1146677087
300156075
1146677093
320615689
320615690
660646964
320616181
320616181
320616181
660646964
660646963
660646962
300120849
320615234
300120847
320615234
320615233
4893752401
300120849
320614072
299798307
320614184
320614583
320604231
316157645
320613680
320613655
344877801
344877797
344877776
344877198
316159254
4494103399
344875854
316159218
344876031
344875850
344876029
344875936
1763307866
344876118
344875607
634638744
634638735
634638760
344876117
344876116
344875604
246653556
246653557
344875838
246653557
5286365608
634638735
634638744
634638764
344876118
634638764
634638760
344876117
344876116
344876091
344875502
246653554
344875502
344876091
344876116
1764332434
344875934
344875874
1763307863
344875874
344876033
344875854
344876033
344876031
344875934
344875935
1763307865
1764332434
1763307863
1763307862
344876091
1763307862
1763307861
344875471
344875471
1763307861
1763307857
344877153
344877126
344877045
316159254
344877045
4494103398
344877045
4659475056
1763307862
4659475057
4659475056
4659475057
4494103398
4494103399
4494103400
344877198
344877126
344877153
344877771
344877776
4494103403
344877777
344877778
344877219
344877199
4494103400
4494103403
4494103404
316159219
344877796
344877778
344877779
344877200
344876144
344876029
344876965
344876938
344876934
344876938
5423002473
5423002471
344877201
344877780
344877779
344877789
344877788
215622776
215622806
224964948
344877825
344876790
344876789
596643531
344876789
344877826
224964952
224964948
224964952
344877826
344877825
344877824
215622806
344877782
344877203
344877782
344877781
215622776
344877823
344876792
344876601
215622780
344875312
344875315
620348422
299870437
344876146
344875315
344876446
215622780
596643485
344875313
344875312
622793728
344876146
344877701
620343569
344877698
620344671
596643716
344877720
344877698
344877699
344877223
299867911
620359484
620359486
620359488
301008159
596643770
344877577
300062346
299871217
299871008
299870961
299869309
299869179
299792742
299869179
301002940
301003838
299869206
300060745
300059597
300059993
299868966
299869311
299869168
4466660678
846224867
3678757878
596643744
344876821
344876864
344876862
300063439
300063440
300063439
596643719
596643702
344876864
344876862
344876830
300060258
299869333
299869332
299869311
299869332
300060257
2123067348
300060257
300060258
300060260
300056370
300061076
300056370
300061228
300213855
300213855
300213855
300061228
300061074
300061076
300058923
300060314
300059596
300060744
299869411
620359374
301003838
301003837
620359372
299867913
6430521045
300060748
300058662
300059996
300059995
300059994
300059993
300056497
300060312
300060260
300060312
300060314
300060315
300060744
300060745
300060746
300060747
300060748
6430521045
301003833
620359372
620359373
301002942
301002940
620359375
299869309
299870961
301007145
301007151
301007196
301007151
620359374
620359375
301007145
301007194
299871008
299871217
301007331
299871217
300062346
620359376
301007331
301007194
301007196
301007332
301007331
301007332
344877564
344877563
344877224
300062345
300058923
300060777
300060743
300060315
300060316
660434526
300060743
300060777
344877227
300060773
344877227
344877224
344877574
344877571
344877575
344877564
620359376
344877576
344877575
620359379
620359371
344877576
344877577
596643770
620359371
4552364497
620359488
620359484
4552364496
4552364497
4552364496
620359379
620359377
596643736
344877223
344877621
299870432
344876163
299870432
620349632
344877749
344876163
299870437
344876163
344877222
344876444
344876443
344877748
344875444
344875448
344876306
344875448
320613680
344877800
344877798
344877771
344877798
344877797
4494103404
344877801
344877800
344877801
344877819
344877820
344877220
344876670
344876604
344876445
344876444
344877221
344877220
344876793
344877748
344877221
344876604
344876602
344876446
344876445
620348422
344877222
344877750
344877749
344876164
344876165
596643759
620352420
620349632
620350436
344877621
344877699
596643729
596643727
596643736
344877574
344877573
300063443
300062345
300063443
300063442
300061074
300063442
300063440
344876830
344876862
2123067348
596643744
596643665
344876821
596643592
596643590
596643580
596643667
596643592
596643702
596643701
596643590
2281466445
596643588
596643578
596643689
596643569
344877842
344875313
344877842
622793730
344877842
2281466443
596643542
596643531
596643542
622793730
596643485
596643482
344876601
344876602
344876674
344876670
344877821
344877789
344877796
344877820
344877821
344877822
344876674
344876792
344876791
344876790
622793729
596643531
596643548
596643497
596643498
596643497
596643550
596643548
596643550
596643557
596643501
596643498
596643512
596643511
596643501
596643525
596643516
596643511
596643516
2281466448
2281466450
596643606
596643425
596643614
596643610
596643442
596643442
596643442
596643610
3678793791
596643610
596643614
596643615
596643607
2281466450
596643607
3730837709
596643618
596643615
596643623
596643610
596643623
596643620
344876867
846232649
885546773
885546774
846230444
5312830351
846229365
5312830351
846230444
885546774
885546773
3678793791
846233255
3678793791
846233258
846233256
846233665
846233256
846233665
846233255
846229589
846230441
846230443
4867905529
885546774
4867905529
846230443
846230441
846229365
4717413995
846229365
4717413995
885545394
4479791321
846222626
846220195
4666830586
846222464
3678757878
3678757877
4466660678
3678757877
846222461
846222628
846222464
846222628
4666830585
846222626
4479791321
4719267203
846222461
4719267203
4666830585
4666830586
846220195
4550018470
885545394
4550018470
846232649
344876867
596643642
596643652
596643652
596643652
596643642
596643643
596643638
596643638
596643638
596643643
596643665
596643667
596643617
596643620
596643617
596643618
596643580
596643583
2281466447
3730837709
2281466447
3678757885
596643583
3678757885
2281466445
596643589
596643578
596643589
596643699
596643689
596643677
596643686
596643672
344875313
596643672
596643686
596643684
344877701
620343569
620343586
344877720
596643711
596643697
596643677
596643697
596643699
596643701
596643717
596643714
596643719
596643714
596643706
300063440
300063442
620345822
620344671
596643729
596643727
620345829
344877573
620345829
620345822
596643706
596643716
596643717
596643711
620343608
596643686
620343608
620343586
596643684
622793728
596643672
596643569
3730837701
596643588
3730837701
2281466443
620536054
596643525
620536054
596643557
596643542
622793730
622793729
596643482
344876791
344877824
344877823
344877822
344877788
344877780
344877781
344877202
344877201
344877200
344877219
344877208
316159218
344877208
344876144
5423002472
344876965
5423002472
5423002473
5423002471
5423002474
5423002470
5423002474
344876934
344876007
344875938
1763307869
1763307868
344875834
344875815
344875834
344875608
1763345691
344875608
344875665
344875838
344875607
1763345689
659720444
1763345689
1763345691
1690799108
1763307868
1690799108
659720444
1763307866
1763307865
344876117
5286365612
5286365608
5286365609
5286365612
5286365609
344875604
344876051
344876035
344876051
344876035
344875502
8887390474
8887390470
246653554
3700477055
8887390470
3700477055
3700477054
5023167183
3700477093
3700477054
3700477093
4526580345
435940674
215622863
435940674
4938554148
215646475
4938554148
435938080
3700477061
4526580345
3700477061
3700491760
3700491754
215665144
3700491753
3700477077
3700477070
4553628107
3700477070
3700491754
3700477077
246650094
3700491740
4658788449
3700491739
3700491738
3700491739
246650091
1765465234
246650086
246650088
246650083
246650088
1765465234
246650091
4658788448
4658788449
3700491740
3700491753
215665144
3700491761
3700491760
8888850578
660433825
320600901
315994628
315996183
315996142
315995923
315995922
315996144
315996142
660433822
660433823
315996183
315996182
315995630
315994628
315995630
316157324
315996181
315996146
315996144
315996182
315996181
634637282
316157324
634637282
315996180
320600688
315996146
316157323
315995922
1763307843
320599464
315995629
660149673
315995629
315995675
315995661
315140518
315995661
315995675
660149673
320601094
3711818476
316157322
320599461
3711818482
320599461
1763307847
316157642
320600688
316157642
316157323
1763307845
316157322
320599464
320599468
2625972193
2625972189
2625972194
2625972197
2625972193
2625972197
315140519
320601784
315140518
320601784
315140519
4268860346
7590563302
299798307
1146677109
660646962
1146677109
320614072
320614408
320614184
320614298
316159070
320614298
316159071
320603075
315995661
320603918
320603994
316159070
316159126
316159095
320602050
320601957
320601961
660149674
316158831
320602568
316159069
320602568
320614584
316159126
320614584
320614583
320614582
320614408
320614582
320614972
316157645
320614972
4893752401
320614874
316157645
320604231
316159069
3711818486
320601961
3711818486
3711818482
3711818476
320601094
3711818483
320601957
3711818483
320603994
320603918
316159071
320603075
1690544192
1690544188
1690544188
1690544188
1690544192
7590563302
4268860346
2625972194
2625972189
660645108
320599468
1763307841
315995923
8889040303
660628283
8889040329
8889040306
8889040303
8888850551
660433824
660433822
660433824
660433825
320600901
660433823
660433825
8888850578
8888850551
8889040331
3700491761
8889040331
8889040306
8889040329
660645108
660628283
1763307841
1763307843
1763307845
1763307847
320598610
215646537
276284399
276284382
596643284
596643221
4514936345
4514936342
4658788804
4658788805
3700491765
3700491763
3700491766
3700491765
4658788802
3700491765
4658788805
4514936344
4514936346
4514936345
596643221
2859158918
4080358353
2859158918
30914720
