224911407
534470727
534470728
224911513
224911407
2971983675
2282354829
534470706
2971983673
534470726
2282361426
534470726
2282354829
2282361425
2282361795
289283211
536273495
536273950
289283207
289283206
4666805392
289283206
4666805390
4666805388
4666805387
4849318660
4849317750
4666805388
4666805390
4666805389
4666805387
4666805389
289283207
4666805391
2248964510
534470713
534470715
2248964519
286752991
286752989
286752987
224991849
225000124
224991849
536273720
536273670
536273673
225000110
3750498728
225000110
536274053
225000110
534470745
534470746
534470744
534470673
534470733
534470676
534470675
534470674
534470673
534470674
534470675
534470676
534470734
332513561
332513558
332513557
332513553
224991880
224991878
534470750
4849372696
534470681
1281742499
1281742520
332513554
224991880
224991878
1281742523
534470733
534470735
534470735
534470735
534470733
1281742523
1281742512
1281742512
1281742512
1281742523
224991878
4666684689
224991878
9607807735
534470750
4849372701
4849372696
4849372701
1281742520
332513554
282704203
225000102
224991881
5422044093
224991881
282704269
224991880
282704269
282704203
1764622876
332513520
332513525
332513548
332513541
332513530
332513525
5305560271
225000102
225000099
224991886
332513512
332513511
282712949
224991886
5422044093
332513512
332513514
332513606
332513552
332513620
332513552
332513620
332513553
332513557
332513603
332513627
332513603
332513627
332513606
332513514
332513566
332513573
332513564
332513558
332513564
332513573
332513566
332513513
332513570
332513567
332513570
332513567
332513561
534470734
534470749
3750559292
534470749
2282339972
534470744
2282339972
2282339970
2282339960
536273670
3750498728
534470746
4666684689
4666684688
534470745
4666684688
9607807735
9607807728
534470681
536279088
534470731
1764622877
1764622869
1764622877
1764622881
1764622871
1764622879
1764622878
1764622876
5305560271
1764622876
1764622878
1764593414
1281742499
1764593414
1764622883
1764622879
1764622883
1764622881
1764622871
1764622869
1764622868
332513549
332513520
332513549
332513548
2971993526
536273834
536273794
332513541
332513532
332513531
332513530
332513647
332513646
2971993987
332513645
282712914
225000099
282712964
282710977
282710919
282710902
224991895
224991891
225000090
225000084
224991904
224991891
332513498
332513508
332513506
224991895
332513505
225000090
1281742510
282711361
224994994
224994990
224994986
224994980
224994979
282711097
282710959
224994980
282710960
282710617
282710618
282710619
3790416839
332513788
332513733
332513671
332513791
332513677
224911533
224911432
224911427
224911417
224911415
536273699
2282358871
2282358875
583470772
2282354824
2282354822
2282354820
537195404
2282354811
537195404
537195409
2282354812
2282361432
537195489
537195414
537195409
2282354810
2282354806
2282354811
2282354810
2282354806
536273710
537195425
537195421
536279079
537195417
537195414
537195421
536279079
537195430
537195425
537195430
583470763
534470687
537195112
534470687
537195354
534470687
534470689
536279081
537195501
534470708
534470698
534470694
534470689
537195121
537195119
537195117
537195115
537195107
537195098
537195098
537195098
537195107
537195112
5604233421
537195351
537195345
537195342
537195322
536273684
534470685
536273655
536273617
536273613
534470685
536279077
536279085
536274051
534470729
9607807732
534470729
536273868
536273759
536273766
9607807731
536273781
536273739
536273785
583470195
583470196
583470195
583470200
536273739
583470200
583470199
583470196
583470197
583470190
536274129
583470189
536273744
246650274
224911432
332513674
224911438
282704745
224994975
224994936
4390255771
332513792
332513793
332513791
332513793
332513792
3790416839
3790416833
332513790
332513788
332513733
332513734
332513671
332513672
332513716
332513672
332513734
5305374147
332513697
282710868
246650222
246650213
246650222
4500374082
332513680
246650214
246650213
332513692
332513691
332513692
332513693
332513691
246650214
246650215
246650217
332513673
332513716
332513698
332513673
332513698
332513697
4500374084
4500374082
4500374084
332513680
246650217
224911533
224911529
224911427
9607807736
246650274
583470202
536279097
536273781
536273848
534470731
9607807732
534470731
536279088
9607807727
536279086
536274051
536279085
536279086
536279077
583470766
536279070
536273868
9607807730
536273848
536273839
536273834
2971993526
1764622868
536273839
536273791
536273785
536273791
536273794
536273791
332513532
332513531
332513648
332513647
583470192
332513647
332513648
583470191
583470187
282704201
332513668
536273744
332513668
583470186
536274129
583470186
583470187
583470188
282704306
282704201
332513660
224911438
332513660
332513659
282704745
282704308
224911537
224911438
332513674
332513677
224911537
282704308
224994936
332513799
282710619
3790416829
3790416833
3790416829
3790416827
282710618
282712680
224994979
332513801
224994975
332513801
332513799
282712680
282710960
282710964
224994986
282710714
224994986
282710964
282710463
224994990
5305374208
282710462
282710714
282710959
282710958
282710919
332513505
332513504
1281742501
282710462
5305374208
282711361
282705153
224994998
224994940
282705154
282705155
282704861
282704642
282704493
282704492
282704641
282704640
282704639
224995001
282704744
282704492
583470182
282704738
282704493
282704494
282704643
282704642
282704641
5306333690
282704861
282704862
282704643
282704644
282704495
282704494
282704739
282704738
282712307
282712256
282712218
282712219
282712218
583470179
282712218
5305374149
224994968
224994962
224995017
224995008
224995005
224994943
583470183
282704735
224995001
1281742518
225000075
225000073
224991923
224991927
224991923
305027942
332513459
305027942
332513461
332513478
224991918
5617436487
225000075
5617436486
224991923
5617436486
224991918
3790416845
332513480
3750521473
332513478
3750521473
332513486
5305404361
332513498
5305404361
224991904
3790416848
3790416845
332513480
3790416849
332513486
3790416849
3790416848
225000083
225000079
225000083
282704857
282711269
225000079
5617436487
225000079
282711269
1281742516
282704639
282713345
224994998
224994994
282705766
224994940
282710470
282704640
282704744
583470183
583470182
583470180
282712246
583470179
583470185
224994962
583470185
583470184
224994943
583470184
224995008
4500075928
224995005
282704735
1281742522
1281742518
1281742516
282711269
1281742516
1281742518
1281742522
225000073
4500075923
4500075928
4500075923
224995017
224995020
224991935
224991931
224991927
332513453
332513451
305027941
224991931
224991935
332513420
305027940
332513447
5242010693
305027941
5242010693
332513450
332513452
332513451
332513453
332513459
441032083
332513452
332513450
332513449
332513447
332513449
332513423
305027940
332513423
4615819631
4615819624
4615819624
4615819631
332513424
332513420
332513424
305027939
224995020
224995024
332513413
224994968
224994970
224995025
332513412
305027936
305027937
224995025
332513413
224995024
305027938
305027939
305027938
305027937
305027936
305027701
332513407
305027701
332513407
246463977
246463975
246463973
246463972
246463970
246463964
246463961
3810555731
246463961
246464053
246464036
246463964
246463970
246464035
246464008
246463972
246463973
246464007
246463984
225000057
583088895
583088899
583088895
583088899
246463977
246463975
246463984
246463985
332513378
246464068
225048176
225048149
282712779
282711239
282711105
246463928
246463927
246464073
246463934
246463933
225048176
246464069
246463934
246463988
246464072
246464071
246464068
246464071
4656610308
246464069
4656610308
246464071
246464072
246463985
246464006
246464004
246463988
246463990
246464073
246464080
246464076
225048172
225048147
282712838
246463928
282712838
282712839
282711239
282711995
282712723
282703780
4656609888
282703780
282703781
282711243
282711242
282712320
282711242
282711973
282711972
282711971
225048147
282711971
282714612
282712839
282714612
282711995
282712320
282711972
282712691
282712416
282711973
282711974
282711243
3790416762
282711975
282711974
282712734
282712414
282710879
282710878
282710877
282712315
282704743
282704498
282704497
282704496
282704495
282704740
282704739
282712309
282712257
282711245
282712762
282712763
282711975
4615880373
282712414
282712413
282710878
282710879
282711259
282710881
282712693
282710881
282712726
282712416
282712734
282712735
282711259
282712735
282712726
282712692
282712691
5352543098
282712837
246463903
225048147
246463903
246463906
246464094
246464093
246463991
246463990
246464002
246464012
246464011
246464004
246464002
246464098
246464013
246464012
246464031
246464013
246464015
246464026
246464024
246464016
246463898
246463999
246463994
246463873
246463997
246463995
246463874
225048168
225048140
583159303
225048143
583159305
246463902
246463900
225048170
225048143
282712715
282712692
282712693
282711261
225048140
225048168
2629942690
225048170
2629942690
583159303
583159302
282711261
583159302
282712715
583159304
583159305
583159304
583159306
5352543098
583159306
583159307
246463902
583159307
282712837
246464097
246464094
246464093
246464096
246464097
583180412
246463900
246463994
246463900
583180412
583180407
246464096
583180407
246463994
246463873
246463874
246463995
246464019
246464017
246463898
246464023
246464021
246463871
246453446
246464045
246453445
246464062
246453442
246453441
246453440
246463854
225048212
246451744
225048214
246453450
246453451
246451762
225048215
4493984342
246463878
246463861
225048214
246463861
246463856
246463854
246453440
246463864
246463856
246463858
246463880
246463864
6430533319
246453441
246453442
246463867
6430533319
8630168330
246463880
246463914
246463913
246463910
246463909
246463907
246463890
246463887
246463885
246463869
246463867
246463869
6430533321
246464062
246453445
6430533320
246464046
246463871
246464043
246463896
246464048
246464042
246464024
246464023
246464043
246464042
246464028
246464026
246464028
246464040
246464031
246464033
246464011
246464010
246464006
246464007
246464008
246464010
246464034
246464033
3810555722
246464038
246464034
246464035
246464036
246464038
246464051
246464053
246464054
225006250
225006252
225006250
5305404345
225006250
5308341656
3810555731
246464054
246464055
225006252
3751225297
225006252
225006257
5305404345
225048226
225006259
225006257
246464084
246464064
246463907
246464057
246463925
246464049
246464040
3810555722
3810555717
246463936
246463925
246464064
3751225297
246463936
246464055
246464051
3810555717
246464049
246464048
246464057
5305425602
246463890
4493984338
246463885
8630168330
246463913
246464085
225006259
246463951
225006262
246464088
246463921
225006265
225006262
225048231
225048234
225006265
225006269
246463939
246463920
225048220
225048216
246451764
246453531
246453419
246451764
246453419
246453543
246453538
246453533
225006277
225048246
225048249
225006281
225006277
3468181969
246451765
246451764
246451765
225048220
3468181968
225006269
225048237
225048234
246463946
246453527
225048237
3468181966
246453521
246453545
3468181967
3468181966
3468181968
3468181969
3468181967
246453536
225048246
225048249
246453520
246453549
246453537
246453536
246453537
246453554
246453545
246453554
246453551
246453549
246453551
246453524
246453521
246453524
246464089
246453527
246463946
246464087
225048231
246463953
225048226
5308341652
5308341656
5308341652
246463954
246464087
246463954
246463953
246463951
246463923
246463914
5308341676
246463858
246463947
246463878
246463947
246463917
246463949
225048216
246453529
246453531
4493984339
246451762
4493984340
4493984339
246453531
246453529
225048215
4493984341
246453450
4493984341
4493984342
246463878
246463949
246463920
246463939
246463921
246463917
5308341676
246464088
246463923
246464085
246464084
246464083
246463909
246464083
246463910
4493984338
246463890
5407004253
246463887
5407004253
6430533321
6430533320
5305425602
246463896
246464046
246464045
246453446
246464020
246464019
246464020
246464021
246464017
246463997
246463999
246464001
246464016
246464015
246464025
246464098
246464025
246464001
246463991
246464075
246463906
583180434
583180423
246464075
583180423
246464076
583180423
583180434
225048172
246464081
246464080
246464081
246463927
2626583453
246463933
246463931
246463933
2626583453
282711105
246463931
225048149
332513346
225048151
225048154
4552480338
332513412
4552480338
225048151
6292574839
441047551
3282161765
225000057
3282161765
6292574839
332513378
332513346
282712777
224994974
282712765
224994970
5305374148
282712769
282712765
282712769
282712722
224994974
282712722
2388940166
282712777
2388940166
282712779
282712723
4656609887
282712722
4656609887
4656609888
5305374148
5305374149
4656610301
4656610305
282703781
3790416766
282714606
282714606
282714606
3790416766
3790416762
282712762
3790416762
3790416766
282712219
282712257
282712256
282712246
583470180
282712307
282712309
282712311
282704740
282704741
282704496
282704645
282704644
282704863
282704862
282705772
282705155
282710615
282705768
282710466
282710465
282710464
282710463
282705766
282711357
282710464
282711358
282710964
282711358
282710717
282710617
282710961
282710718
282710466
282710467
282705769
282705157
282704863
282704864
282704645
6027981631
282704497
282704742
282704741
282712312
282712258
282711245
282712311
282712312
282712313
282712259
282712258
282712763
282712413
282712259
282710877
282712315
282712313
282704742
282704743
282704498
282711270
282704867
282704866
282704864
282711980
282705157
282705772
282705768
282705769
282705770
282710468
282710467
282711360
282710720
282710468
282710469
282705771
282712338
282705770
282711980
282712411
282704866
6027981631
282711270
282704867
282710874
282705771
282712338
282712411
282710874
282705771
282710469
282710873
282710720
282710963
282710872
282710873
282710872
282710870
583180382
332513678
282711250
332513804
5305374147
332513790
5305374147
332513804
4615819640
4615819633
4615819640
4615819633
3790416830
3790416784
3790416777
282710962
282710961
3790416827
3790416784
3790416830
3790416793
583180364
282711250
282711253
5305356569
282710868
5305356569
1258995520
282711253
1258995520
332513678
583180382
583180364
3790416793
3790416783
282711983
282710870
282711983
282711982
282711981
282711982
282712321
3790416783
282712321
3790416777
282711981
282710963
282710962
282711360
282710718
282710717
282710465
282710615
282711357
282705154
5306333690
282710470
282713345
282704857
282705153
1281742515
225000084
4615819632
225000083
4615819632
1281742515
1281742510
1281742501
332513504
282711359
282710714
282711359
282710958
282711096
282710977
282710975
282710902
332513509
332513506
332513508
332513519
290233124
332513515
332513513
332513515
332513511
332513510
290233124
332513519
332513509
332513510
282710975
282712949
282712964
282713118
282711096
282711097
282713191
282713118
282712914
332513645
282713192
282713191
282713192
2971993985
224994975
2971993985
2971993987
332513646
332513655
332513658
332513655
332513658
332513659
282704306
583470188
583470192
583470191
583470190
583470197
583470198
583470199
583470198
583470201
583470189
583470201
583470202
536279097
9607807733
536274078
536274045
536279039
536273759
536279039
536279042
536273766
536279042
536274078
536279044
536279047
536274045
536279071
536279051
536279050
536279048
583470771
536274097
536273699
2282358867
2282358861
2282358857
2282354827
534470726
2282354827
2282354824
2282354822
2971983673
2971983674
537195487
2282354820
537195487
2282354819
2282354812
2282361432
3607795064
536273488
536273491
4666805403
536273495
4666805401
4666805397
4666805396
4666805402
4666805396
4666805399
4666805398
4666805397
4666805401
4666805402
536273950
4666805404
4666805403
4666805404
536273953
534470708
536279082
534470694
534470698
537195461
534470713
534470723
534470722
534470715
2248964514
2248964510
4666805391
4666805392
2248964514
2248964519
2248964518
286752989
2248964518
534470722
4666805394
224991849
286752987
2282343826
2282343836
2282343836
2282343836
2282343826
2282343818
2282273064
2282273061
2282339964
2282273061
2282343825
2282339959
2282339963
2282339954
2282339955
2282339956
2282339955
2282339960
2282339970
3750559292
2282339958
2282339957
2282339956
2282339957
2282339958
2282339962
2282339961
2282339954
2282339963
2282339964
2282339961
2282339962
2282273064
2282343818
2282343824
2282343823
2282343823
2282343823
2282343824
2282343825
2282339959
536273720
536273717
225000124
4666805393
4666805394
4666805393
534470723
537195459
537195365
537195121
537195126
534470694
536279082
536279081
537195497
537195417
537195497
537195491
537195489
537195491
537195501
536273956
536273488
4508322397
537195489
4508322397
536273956
536273953
536273491
2282361433
2282354821
534470706
2282361795
534470706
2282354821
2971983674
3607795064
2282361433
2282361795
2282361425
2971983675
2282361426
534470727
3240929115
224911415
224911519
2282358869
224911519
224911524
4695165680
224911529
4695165687
246650215
4695165687
4695165680
224911524
224911417
536274042
536279063
536279058
536279053
536279047
536279044
536279055
536279053
536279051
536279073
536274042
536274074
536279065
536279060
536279055
536279060
536279058
536279063
536279065
536274074
9607807736
9607807733
9607807731
9607807730
9607807732
9607807727
9607807728
536273613
536273617
536273635
536273641
536273653
536273641
536273681
536273673
536273717
537195445
5604233421
537195375
537195382
537195382
537195382
537195375
537195130
537195115
537195130
537195138
537195117
537195138
537195142
537195119
537195142
537195365
537195361
537195126
537195361
537195461
537195459
537195445
537195346
537195328
536273681
536274053
536273635
536273655
536273653
536273684
537195322
537195328
537195346
537195345
537195351
537195354
537195342
537195339
583470766
537195339
583470763
536273710
536273872
583470773
536273872
536279103
536279093
536279048
536279093
536279094
536279071
536279070
536279102
536279103
536279102
536279094
536279050
536279100
536279073
536279100
536274097
583470771
583470773
583470772
2282358865
2282358863
2282358859
2282354827
2282358859
2282358857
2282358861
2282358863
2282358865
2282358877
2282358873
2282358871
2282358875
2282358877
2282358873
2282358867
3240929115
2282358869
534470728
224911513
289283213
289283212
4655715135
289283211
4655715135
4655715142
289283212
224911407
