224911407
224911513
534470728
224911513
289283213
2629942672
658951441
658951440
4659755017
4659755017
4659755017
658951440
658951441
2629942672
289283213
289283212
224911407
534470727
534470728
4659755024
2282358869
3240929115
2282358867
536273699
224911415
224911519
4659755026
2282358869
4659755024
4659755011
4659755009
4659755010
4659755009
4659755010
4659755011
4659755024
4659755025
534470727
2282361426
534470726
2282354829
534470706
2282354829
2971983675
2282361425
2282354829
2282361425
2282361795
289283211
4659755008
3241409605
3241442188
3241409605
3241442206
3241442201
3241442193
3241442220
3241442197
3241442213
3241442197
3241442216
3241442213
3241442223
3241442229
3241442229
3241442229
3241442223
3241442221
3241442220
3241442221
3241442201
3241442207
3241442188
3241442208
3241442193
3241442208
3241442207
3241442206
3241409605
4659755008
4655715135
289283212
4655715142
4655715135
4659755008
289283211
536273495
536273950
289283207
289283206
4666805392
289283206
4666805390
4666805388
4666805387
4849318660
4849317750
4666805388
4666805390
4666805389
4666805387
4666805389
289283207
4666805391
2248964510
534470713
534470715
2248964514
2248964510
4666805391
4666805392
2248964514
2248964522
2248964519
286752991
286752989
286752987
224991849
225000124
224991849
536273720
536273670
2282339960
2282339955
2282339954
2282339963
2282339954
2282339961
2282339964
2282273061
2282339964
2282339963
2282339959
536273720
536273717
225000124
4666805393
534470723
534470713
537195461
534470698
534470694
534470689
534470687
537195112
534470687
583470763
537195339
537195342
537195322
536273684
534470685
536273655
536273617
536273613
534470685
536279077
536279085
536274051
534470729
9607807732
534470731
1764622877
1764622869
9206557309
1764622868
2971993526
9206575072
9206575070
9206575073
9206575070
9206575076
9206557316
9206579418
536273834
9206579418
9206579417
536273839
536273834
9206575078
9206575072
9206575071
1764622868
9206575074
332513549
332513548
9206575075
332513548
9208219801
332513525
332513520
332513525
5305560271
332513525
9208219804
332513530
332513647
332513646
2971993987
332513645
282712914
225000099
224991886
332513512
332513511
282712949
224991886
5422044093
224991881
225000102
225000099
282712964
282710977
282710919
282710902
224991895
224991891
225000090
225000084
224991904
224991891
332513498
224991891
224991904
5305404361
305027946
4783326628
305027946
332513498
332513508
332513506
224991895
332513505
225000090
1281742510
282711361
224994994
224994990
224994986
224994980
224994979
282712680
282710618
282710617
282710717
282710465
282710464
282710463
224994990
224994986
282710964
224994986
282710714
282710462
5305374208
224994990
5305374208
282711361
282705153
224994998
224994940
282705154
282705155
282704861
282704642
282704493
282704492
282704641
282704640
282704639
224995001
282704744
282704492
583470182
282704738
282704493
282704494
282704643
282704642
282704641
5306333690
282704861
282704862
282704643
282704644
282704495
282704494
282704739
282704738
282712307
282712256
282712218
583470179
282712218
282712219
282712218
5305374149
224994968
224994962
224995017
224995008
224995005
224994943
583470183
282704735
224995001
1281742518
225000075
225000073
4500075923
224995017
224995020
224991935
224991931
224991927
224991923
5617436486
224991918
3790416845
224991918
5617436487
225000075
5617436486
224991923
305027942
332513459
305027942
332513461
332513478
224991918
332513478
3750521473
332513480
3790416845
3790416848
224991904
225000084
1281742515
282705153
282704857
225000083
225000079
5617436487
225000079
282711269
282704857
282713345
224994998
224994994
282705766
224994940
282710470
282704640
282704744
583470183
583470182
583470181
583470180
282712246
583470179
5413953992
2637000866
583470181
2637000866
583470185
224994962
583470185
583470184
224994943
583470184
224995008
4500075928
4500075923
4500075928
224995005
282704735
1281742522
225000073
1281742522
1281742518
1281742516
282711269
1281742516
282704639
282713345
282710470
5306333690
282705154
282711357
282705766
282710463
282710964
282710960
224994980
282710959
282710714
282711359
282710958
282710919
332513505
332513504
282711359
332513504
1281742501
282710462
1281742501
1281742510
1281742515
4615819632
225000084
4615819632
225000083
3790416848
3790416849
332513480
3790416849
332513486
5305404361
332513486
3750521473
4783326629
4783326628
8695296592
8695296618
5242010738
290233092
246463977
246463975
246463973
246463972
246463970
246463964
246464036
246464035
246463970
246463964
8695325436
246463961
246464053
246464036
246464038
246464034
246464010
246464006
246463985
246463984
225000057
583088895
583088899
583088895
583088899
246463977
246463975
246463984
246464007
246463973
246463972
246464008
246464007
246464006
246464004
246463988
246463934
246463933
225048176
225048149
7312817219
4843973118
225048176
246464068
225048176
246464069
246463934
246464073
246463927
246463928
282711105
246463931
225048149
282712779
282711239
282711105
2626583453
246463933
246463931
246463933
2626583453
246463927
246464081
225048172
225048147
6006742781
246463903
6006742774
2629942686
8729376035
8729376042
8729376035
8729376036
6006742774
8729376029
8729376032
8729335010
6006742778
8729376026
8729376024
6006742776
6006742775
225048147
282712838
246463928
282712838
282712839
282711239
282711995
282712723
282703780
4656609888
282703780
282703781
282711243
282711242
282711973
282711972
282711971
2629942684
8729335013
6006742776
8729376023
8729335011
6006742778
8729335010
6006742780
8729376033
8729376030
2629942686
8729376030
8729376029
8729376031
8729335011
6006742781
8729335011
8729376031
8729376032
8729376033
6006742780
8729376027
8729376026
8729376027
8729376025
8729335013
8729376025
8729376024
8729376023
6006742776
6006742775
2629942684
282711971
282714612
282712839
282714612
282711995
282712320
282711242
282712320
282711972
282712691
282712416
282711973
282711974
282711243
3790416762
282711975
282712763
282712258
282711245
282712762
282712763
8997726681
282712413
282710878
282710877
282712315
282704743
282704498
282704497
282704496
282704495
282704740
282704739
282712309
282712257
282711245
282712311
282704740
282704741
282704496
282704645
282704644
282704863
282704862
282705772
282705155
282710615
282705768
282705769
282705157
282704863
282704864
282704645
6027981631
282704497
282704742
282704741
282712312
282712258
282712259
282710877
282712315
282712313
282712259
282712413
282712414
282710879
282710878
282710879
282711259
282710881
282712693
282710881
282712726
282712416
282712734
282711974
8997726682
8997726702
8997726682
8997726702
282711975
4615880373
282712414
282712734
282712735
282711259
282712735
282712726
282712692
282712691
5352543098
583159306
583159304
282712715
225048143
583159305
583159304
583159305
246463902
246463900
225048170
225048143
583159303
225048140
225048168
225048140
282711261
282712693
282712692
282712715
583159302
282711261
583159302
583159303
2629942690
225048170
246463900
246463994
246463999
246463898
246464016
246464001
246463991
246463990
246464073
246464080
246464076
225048172
246464081
246464080
246464076
583180423
246464075
246463906
246463903
282712837
2629942685
8729376050
8729376047
8729376039
8729376034
8729376041
8729376036
8729376040
8729376034
8729376040
8729376041
8729376042
8729376039
8729376047
8729376050
8729376051
8729376055
8729376055
8729376055
8729376051
8729376050
2629942685
5352543098
583159306
583159307
246463902
583159307
282712837
246464097
246464094
246463906
583180434
225048172
583180434
583180423
246464075
246463991
246464093
246464094
246464093
246464096
583180407
246464096
246464097
583180412
246463900
583180412
583180407
246463994
4465752579
246463873
246463997
246463995
246463874
246463873
4465752579
4465752695
4465752694
4465752692
4465752694
4465752699
4465752695
4465752699
4465752692
2629942689
4465752582
2629942689
2629942690
4465752588
225048168
2629942687
225048168
4465752588
4465752574
4465752563
4465752566
4465752571
4465752576
4465752582
4465752691
4465752576
4465752691
4465752580
4465752571
4465752580
4465752574
4465752566
4465752563
2629942687
246463874
246463995
246464019
246464017
246463898
246464023
246464021
246463871
246453446
246464045
246453445
246464062
246453442
246453441
246453440
246463854
225048212
246451744
225048214
246453450
225048214
246463861
246463856
246463854
246453440
246463864
246463856
246463858
246463880
246463864
6430533319
246453441
246453442
246463867
6430533319
8630168330
246463880
246463914
246463913
246463910
246463909
246463907
246463890
246463887
246463885
246463869
246463867
246463869
6430533321
246464062
246453445
6430533320
246464046
246463871
246464043
246463896
246464048
246464042
246464024
246464016
246464015
246464013
246464012
246464002
246464098
246464013
246464031
246464012
246464011
246464010
246464008
246464035
246464034
246464033
246464031
246464040
246464028
246464026
246464024
246464023
246464043
246464042
246464028
246464026
246464015
246464025
246464098
246464025
246464001
246463999
246463997
246464017
246464021
246464020
246464019
246464020
246453446
246464045
246464046
246463896
5305425602
246463890
5407004253
246463887
5407004253
6430533321
6430533320
5305425602
246464057
246463907
246464064
246463925
246464049
246464040
3810555722
246464038
246464051
246464053
246464054
225006250
225006252
225006250
5305404345
225006257
225006252
3751225297
225006252
246464055
246463936
246463925
246464057
246464048
246464049
3810555717
246463936
3751225297
246464064
246464084
225006257
225006259
246464085
246463913
8630168330
246463885
4493984338
246463890
4493984338
246463910
246464083
246463909
246464083
246464084
246464085
246463923
246463914
5308341676
246463858
246463947
246463878
246463949
225048216
246451764
246453531
246453419
246451764
246453419
246453543
246453538
246453533
225006277
225048246
225048249
225006281
225006277
3468181969
246451765
246451764
246451765
225048220
225048216
246453529
225048215
246451762
4493984340
4493984339
246453531
246453529
246453531
4493984339
246451762
246453451
246453450
9485933288
9485933286
4493984341
225048215
4493984342
246463878
9485933285
246463861
9485933285
9485933286
4493984341
4493984342
246463878
246463947
246463917
246463949
246463920
225048220
3468181968
225006269
225006265
225006262
246464088
246463921
225006265
225048234
225048231
225006262
246463951
225006259
225048226
246463953
225048226
5305404345
225048226
5308387096
5308341652
246463954
5308387095
246463953
225048231
246464087
246453528
8695325507
246453528
8695325507
246463954
8695325521
8695325526
8695325521
8695325526
5703282691
246464087
5703282691
246463946
225048234
225048237
225006269
246463939
246463920
246463939
246463921
246463917
5308341676
246464088
246463923
246463951
246463953
5308387095
5308387098
5308387101
5308387096
5308341652
5308341654
5308341647
5308341647
5308341647
5308341654
5308341655
5308341656
5308387116
5308387119
225006250
5308387119
5308387116
5308341656
3810555731
3750783994
8695325428
246463961
8695325428
4783326497
4783326491
4783326490
5703282695
282581745
246453524
246453521
246453545
246453521
3468181966
225048237
246453527
246463946
246453527
5298648037
246464089
5298648031
5298648037
5298648031
246453524
282581745
246453551
246453549
246453520
225048249
246453520
246453549
246453537
246453536
225048246
246453536
3468181967
3468181966
3468181968
3468181969
3468181967
246453545
246453554
246453537
246453554
246453551
282581986
282581865
282581965
282581986
282581865
5703282695
4783326490
4783326495
4783326497
4783326495
3750783994
3810555731
246464054
246464055
246464051
3810555717
3810555722
246464033
246464011
246464004
246464002
246463990
246463988
246464072
246464071
4656610308
246464069
4656610308
246464071
246464067
246464068
4783326517
4783326515
4783326503
4783326507
246464067
4783326507
4783326506
246464072
4783326506
246463985
4783326508
4783326503
4783326515
4783326621
4783326508
4783326621
9395773549
332513378
332513346
225048151
6074489994
4783326520
282712777
5242034660
224994974
282712722
224994974
282712765
224994970
224994968
332513413
224995024
224995020
305027939
332513424
332513420
224991935
332513420
305027940
332513447
5242010693
305027941
224991931
224991927
332513453
332513451
305027941
5242010693
332513450
332513452
332513451
332513453
332513459
5409685290
332513452
332513450
332513449
332513447
332513449
332513423
305027940
332513423
4615819631
4615819624
4615819624
4615819624
4615819631
332513424
305027939
332513435
305027938
224995024
332513413
224995025
224994970
5305374148
282712769
282712765
282712769
282712722
4656609887
282712722
2388940166
9395773569
2388940166
9395773565
9395773545
282712777
4783326520
332513346
9395773548
7299453858
7299453857
4843973118
7312817219
7299453858
7299453857
7299453854
4783326517
7299453854
9395773547
332513378
6292574839
225048151
6292574839
9395773552
3282161765
225000057
3282161765
7299453837
9395773539
9395773536
5242034665
5242034662
5242034272
332513409
305027701
305027936
332513412
224995025
305027937
305027936
305027937
305027938
305027937
5242010738
290233092
332513407
305027701
332513409
5242034251
332513407
5242034251
5242034252
5242034259
5242034257
5242034252
5242034257
5242034272
332513412
5242034661
5242034660
9395773545
9395773535
9395773567
9395773564
9395773566
9395773567
9395773565
9395773545
9395773535
9395773586
9395773538
4783326520
6074489994
5242034661
5242034662
5242034665
9395773536
6074489994
9395773536
9395773539
9395773552
9395773549
9395773547
9395773548
9395773538
9395773586
9395773566
9395773564
9395773569
282712779
282712723
4656609887
4656609888
5305374148
5305374149
4656610301
4656610305
282703781
3790416766
282714606
282714606
282714606
3790416766
3790416762
282712762
3790416762
3790416766
282712219
282712257
282712256
282712246
583470180
282712307
282712309
282712311
282712312
282712313
282704742
282704743
282704498
282711270
282704867
282704866
282704864
282711980
282705157
282705772
282705768
282710466
282710465
282710615
282711357
282710464
282711358
282710964
282711358
282710717
282710718
282710466
282710467
282705769
282705770
282712338
282705771
282712338
282712411
282704866
6027981631
282711270
282704867
282710874
282705771
282710874
282712411
282711980
282705770
282710468
282710467
282711360
282710718
282710961
282710617
282710960
282712680
332513799
224994936
4659569117
224994936
4390255771
332513792
332513793
332513791
332513671
332513733
332513788
332513733
332513734
332513671
332513672
332513716
332513672
4659569090
332513672
332513734
5305374147
332513697
282710868
246650222
246650213
246650222
4500374082
332513680
246650214
246650213
332513692
332513691
246650214
3239634315
3239634314
246650215
246650217
246650215
4695165687
224911529
224911427
9607807736
246650274
224911432
224911427
4656391169
224911417
224911524
3239634310
3239631938
4656391169
224911417
4655885662
224911417
536274042
536279063
536279058
536279053
536279047
536274045
536279039
536273759
536273766
9607807731
536273781
536273739
583470200
536273739
536273785
9207845457
536273791
536273794
9207827162
332513541
332513530
332513531
332513532
332513531
332513648
332513647
583470192
332513647
332513648
583470191
583470187
282704201
332513668
282704201
282704306
332513659
332513658
332513655
332513658
332513655
332513646
2971993987
2971993985
282713192
282713191
282711097
282710959
282710958
282711096
282710977
282710975
282710902
332513509
332513506
332513508
332513519
290233124
332513510
332513509
332513519
290233124
332513515
332513513
332513566
332513514
332513512
5422044093
224991881
282704269
224991880
224991878
9607807735
534470750
224991878
4666684689
224991878
1281742523
224991878
224991880
332513554
282704203
225000102
9206557298
5305560271
1764622876
332513520
9208219800
332513549
332513548
9206579438
332513543
9207830039
332513541
332513532
9207827161
536273791
9207827166
9206579417
9206557314
9206557315
536273839
9206575077
9206557313
9206557308
9206557309
9206557307
9206575074
9206575075
2971993526
9206575075
9206575073
9206579438
9206579437
332513543
9207830039
9207830037
9207827159
9207827165
9207827159
9207827162
9207827161
9207845457
9207827164
9206557314
9207827164
9207827166
9207827167
536273794
9207827167
9206579418
9207827167
9207827165
9206557316
9206575076
9206575078
9206575077
9206575071
9206557308
9206557313
9206557315
536273848
534470731
536279088
534470681
1281742499
534470681
9607807728
536273613
536273617
536273635
536273641
536273653
536273641
536273681
536273673
225000110
3750498728
225000110
536274053
225000110
534470745
534470746
534470744
534470673
534470733
2629942681
1281742523
1281742512
1281742512
1281742512
1281742523
2629942681
534470737
534470735
534470737
534470735
534470733
534470676
534470675
534470674
534470673
534470674
534470675
534470676
534470734
332513561
332513558
332513564
332513573
332513566
332513573
332513564
332513558
332513557
332513553
332513620
332513552
332513620
332513552
332513606
332513514
332513606
332513627
332513603
332513627
332513603
332513557
332513553
224991880
282704269
282704203
9206557297
1764622876
9206579447
9206557297
9206557298
9208219804
9206579437
9208219801
9208219800
9207811141
9206557307
9207811141
9206579447
1764622878
1764593414
1764622883
1764622879
1764622878
1764622879
1764622871
1764622869
1764622877
1764622881
1764622871
1764622881
1764622883
1764593414
1281742499
1281742520
332513554
1281742520
4849372701
534470750
4849372696
4849372701
4849372696
534470681
536279088
9607807727
536279086
536274051
534470729
536273868
536273759
536279039
536279042
536273766
536279042
536274078
536274045
536279071
536279051
536279050
536279048
583470771
536274097
536273699
2282358871
2282358875
583470772
2282354824
2282354822
2282354820
537195404
2282354811
537195404
537195409
2282354812
2282361432
537195489
537195414
537195409
2282354810
2282354806
2282354811
2282354810
2282354806
536273710
537195425
537195421
536279079
537195417
536279079
537195430
537195425
537195421
537195414
537195417
537195497
5308341569
536279081
534470689
537195121
537195365
537195361
537195126
534470694
534470698
534470708
537195501
536273956
536273488
3607795064
2282361432
537195489
537195491
5308341571
537195491
5308341570
5308341572
5308341569
537195497
5308341571
5308341572
5308341570
537195501
536279081
536279082
534470694
536279082
534470708
536273953
536273491
536273488
4508322397
537195489
4508322397
536273956
536273953
4666805404
536273950
4666805402
4666805396
1272676431
1272676427
1272676424
4856691544
4856691536
4856691539
4856691536
4856691539
4856691544
1272676424
1272676427
1272676431
2626163360
1272676431
4666805399
4666805398
2626163360
4666805397
4666805396
4666805402
4666805401
4666805397
4666805401
536273495
4666805403
4666805404
4666805403
536273491
2282361433
2282354821
534470706
2971983673
534470726
2282354827
2282354824
2282354827
2282358859
2282354827
2282358857
2282358861
2282358857
2282358859
2282358863
2282358861
2282358867
2282358873
2282358871
2282358875
2282358877
2282358873
2282358877
2282358865
2282358863
2282358865
583470772
583470773
2629942677
536274097
536279100
536279050
536279094
536279071
536279070
536279102
536279094
536279093
536279048
583470771
2629942677
583470773
2629942673
2282354822
2282354820
537195487
2282354819
2282354812
2282354819
537195487
2971983674
2282354821
534470706
2282361795
2282361433
3607795064
2971983674
2971983673
2282354822
2629942673
2629942676
536273872
2629942676
536279093
536279103
536279102
536279103
536273872
536273710
5308341601
583470763
537195430
583470763
5308341601
5308341612
5308341613
5308341611
583470766
536279077
536279085
536279086
536279077
583470766
5308341614
537195339
5308341614
5308341613
5308341611
536279070
536273868
9607807730
536273848
536273781
536279097
583470202
246650274
536273744
332513668
583470186
536274129
583470186
583470187
583470188
282704306
583470188
583470192
583470191
583470190
536274129
583470189
536273744
583470189
583470201
583470198
583470197
583470190
583470197
583470196
583470195
536273785
583470195
583470200
583470199
583470196
583470199
583470198
583470201
583470202
536279097
9607807733
536274078
536279044
536279047
536279044
536279055
536279053
536279051
536279073
536279100
536279073
536274042
536274074
536279065
536279060
536279055
536279060
536279058
536279063
536279065
536274074
9607807736
9607807733
9607807731
9607807730
9607807732
9607807727
9607807728
9607807735
4666684688
534470745
4701503327
5298646711
4701503327
5298646712
5298646711
4666684687
4666684688
4666684689
534470746
3750498728
536273670
536273673
536273717
537195445
537195346
537195328
536273681
536274053
536273635
536273655
536273653
536273684
537195322
537195328
537195346
537195345
537195342
537195354
534470687
537195354
537195351
537195345
537195351
5604233421
537195112
537195107
537195098
537195098
537195098
537195107
537195115
537195117
537195119
5308341536
537195121
537195126
537195361
537195461
537195459
537195365
5308341535
537195142
5308341564
537195119
5308341564
5308341565
5308341536
5308341565
5308341535
537195142
537195138
537195117
537195138
537195130
537195115
537195130
537195375
537195382
537195382
537195382
537195375
5604233421
537195445
537195459
534470723
534470722
534470715
2248964519
2248964518
286752989
2248964518
534470722
4666805394
4666805393
4666805394
224991849
286752987
2282343826
2282343836
2282343836
2282343836
2282343826
2282343818
2282273064
2282273061
2282343825
2282339959
2282343825
2282343824
2282343823
2282343823
2282343823
2282343824
2282343818
2282273064
2282339962
2282339961
2282339962
2282339958
2282339957
2282339956
2282339955
2282339956
2282339957
2282339958
3750559292
534470749
3750559292
2282339970
2282339960
2282339970
2282339972
534470744
2282339972
534470749
534470734
332513561
332513567
332513570
332513567
332513570
332513513
332513515
332513511
332513510
282710975
282712949
282712964
282713118
282711096
282711097
2637000870
224994979
332513801
224994975
224994936
224994975
332513801
332513799
282710619
282710618
3790416827
282710961
282710962
282710963
282710720
282710468
282710469
282705771
282710469
282710873
282710720
282711360
282710962
3790416777
282711981
282710963
282710872
282710873
282710872
282710870
583180382
332513678
282711250
332513804
4615819640
332513804
5305374147
332513790
332513788
3790416839
282710619
3790416829
3790416827
3790416784
3790416777
282712321
282711982
282711981
282711982
282711983
282710870
282711983
3790416783
282712321
3790416783
3790416793
583180364
282711250
282711253
5305356569
282710868
5305356569
1258995520
282711253
1258995520
332513678
583180382
583180364
3790416793
3790416830
4615819633
4615819640
4615819633
3790416830
3790416784
3790416827
3790416829
3790416833
332513790
3790416833
3790416839
332513792
332513793
332513791
332513677
224911537
224911438
282704745
282704308
224911537
282704308
4659569117
4659569118
224994975
5740706899
2637000868
2971993985
282713192
332513645
282712914
282713118
282713191
2637000876
2637000870
2637000876
2637000868
5740706899
5740706900
4659569116
4659569118
282704745
5740706904
5740706903
4659569116
5740706900
5740706903
5740706904
332513659
332513660
282704201
332513660
224911438
332513674
332513677
4659569094
4659569093
4659569090
4659569093
4659569094
4659569114
224911533
224911432
4659569115
332513674
4659569115
4659569114
4659569111
4659569100
4659569098
4659569096
4659569095
4659569096
4659569098
4659569097
4659569095
4659569097
4659569089
4659569099
4659569100
4659569099
4659569112
4659569105
4659569103
4659569101
4659569102
4659569110
4659569084
4659569083
4659569087
246650217
332513673
332513716
332513698
332513673
332513698
332513697
4500374084
4500374082
4500374084
332513680
246650217
4659569087
4659569085
4659569109
4659569101
4659569103
4659569104
4659569106
4659569105
4659569112
4659569111
4659569106
4659569104
4659569102
4659569110
4659569109
4659569085
4659569084
4659569083
224911533
224911529
4695165680
4695165687
4695165680
3239631938
3239740427
3239631939
3239740427
3239740428
3239634310
3239740428
3239740447
3239631939
3239740444
3239634306
3239740449
3239740443
3239740429
3239740440
3239740439
3239740440
3239740439
3239740441
3239740429
3239740441
3239740442
3239740448
3239740442
3239740443
3239740444
3239740445
3239740447
3239740445
3239634306
3239740451
3239631955
3239631933
3239918984
3239631933
3239918981
3239918982
246650215
3239740430
3239631948
3239631955
3239740451
3239740450
3239740448
3239740449
3239740450
3239740430
3239631948
3239918982
3239918981
3239918983
3239918985
3239918983
3239918984
3239918986
3239631943
3239918987
3239918985
3239918986
3239631943
3239918989
3239918973
3239631944
3239919004
3239631944
3239919003
3239919001
3239919004
3239919000
3239918973
3239918989
3239918988
3239918987
3239918988
3239918990
3239919000
3239918990
3239634313
3239634314
3239634315
3239634316
3239634313
3239634316
3239918991
3239919002
3239919001
3239919002
3239919005
3239919007
3239918999
3239918991
3239918999
3239918996
3239919008
3239919006
3239919003
3239919006
3239919005
3239919007
3239919008
3239918996
3239919010
3239631928
332513691
3239631928
332513693
332513692
332513693
1258998375
3239631927
1258998375
3239631891
3239681823
3239681822
3239681818
3239631891
3239681818
3239631927
3239962101
3239962098
3239962097
3239962102
3239631927
3239962102
3239962101
3239962098
3239962099
3239962104
3239962099
3239962100
3239962097
3239962100
3239962103
3239962107
3239962103
3239962104
3239962108
3239962106
3239631920
3239631919
3239631894
224911520
224911423
224911520
3239631914
224911519
3239631914
3239681848
3239681847
3239681846
3239681856
3239681852
3239681854
3239681852
3239686661
3239681850
3239686661
3239686663
3239681846
3239686663
3239686666
3239681850
3239712364
3239686666
3239712364
3239681854
3239712367
3239424937
3239424585
224911520
3239424594
3239424585
3239424594
3239631901
3239631901
3239631901
3239631898
3239631897
3239962138
3239962130
3239962126
3239962136
3239962138
3239962136
3239962121
3239962139
3239631885
3239962123
3239681831
3239681829
3239681834
3239681832
3239681828
3239631885
3239681824
3239681822
3239681824
3239681825
3239681823
3239681825
3239681827
3239681828
3239681832
3239681833
3239681827
3239681833
3239681835
3239681834
3239681835
3239681830
3239681838
3239631887
3239631893
3239631911
3239631893
3239962179
3239962178
3239631911
3239712396
3239712394
3239681837
3239712390
3239681837
3239681839
3239681836
3239681830
3239681838
3239681839
3239681836
3239681829
3239681831
3239712392
3239712375
3239712373
3239424937
3239712367
3239712383
3239712381
3239712379
3239712372
3239712387
3239712381
3239712383
3239712385
3239681856
3239712385
3239712388
3239712387
3239712388
3239712389
3239681848
3239712389
3239631912
3239962182
3239681845
3239962182
3239962183
3239631912
3239962183
3239962181
3239962179
3239962181
3239962180
3239962178
3239962180
3239681845
3239712397
3239712395
3239712394
3239712396
3239712397
3239712395
3239712391
3239712390
3239712392
3239712393
3239712391
3239712393
3239712376
3239712375
3239712376
3239712372
3239712379
3239712373
3239962135
3239962122
3239962121
3239962139
3239962140
3239962123
3239962140
3239962122
3239962135
3239962126
3239962130
3239631898
3239631897
3239962150
3239962151
3239962151
3239962151
3239962150
3239631919
3239631920
3239962112
3239962120
3239962112
3239962119
3239962117
3239962115
3239962116
3239962118
3239962117
3239962119
3239962120
3239962118
3239962116
3239631918
3239962105
3239962107
3239962108
3239962106
3239962105
3239631918
224911524
3239631894
4655885662
224911423
224911415
4659755027
4659755026
4659755027
3240929115
4659755025
534470727
2282361426
2971983675
224911407
