29239079
124524582
31700818
31700819
1851835123
31777153
29795237
29795236
5413741435
29795235
29239079
4504112773
391531806
31700231
221108317
9680726835
124531262
221101697
221101690
31776942
31776941
221101701
221091275
221106359
221106363
221106359
221106468
221091287
124502593
221108180
124524581
221091287
221091275
437788057
437732887
221101701
221101690
124502593
221101690
221101701
437732887
437788239
437731034
438111583
31776941
438111583
438111584
221075916
31700818
124524582
31776943
31776942
221075916
438111584
437733314
1851835123
31777153
31777152
29795236
31777152
31700819
31777152
29795235
310090260
213649488
213649485
213649866
213649874
213649866
213649886
391531806
213649886
213649874
213649488
310090260
310090261
661852604
29795237
596988539
596988509
596988490
661852604
310090261
9307175743
213649468
213649435
213649430
213649427
213649401
31700226
31700225
31700224
596999744
213649409
209387056
596999735
596999732
1969920684
209387049
209387023
664167873
209387046
1765657079
209365009
209365004
209364997
1765630409
209364997
209365004
1765657080
209390670
209387046
209387049
209390674
209364985
209364980
126073336
31700225
126073336
221128630
31700226
213649418
126102457
126073338
221128630
221106405
209364980
209364977
437719105
209390670
209390674
596999743
596999744
596999743
596999732
1969920684
303432802
1975853560
1975853544
1765630408
213666597
209387112
1765657075
1765657076
1975853546
1975853544
1975853560
1975853561
1975853548
1975853546
1765657076
1765630408
5415829812
4171683688
209387056
4171683688
5415829801
31700078
5415829806
213666597
5415829806
5415829801
5415829806
5415829803
31700078
5415829803
300103857
31700055
31700077
3964969147
213649409
3964969147
213649392
31700224
213649392
213649401
213649404
213649427
213649404
213649928
213649404
213649452
213649430
213649452
213649963
213649471
213649435
213649471
4514524184
9307175743
4514524184
213649485
5415927950
213649963
4514524164
5415927950
4514524164
213649957
213649947
213649936
213649947
213649936
213649928
213649418
126102457
3405413274
31700228
221112922
126094068
126092384
31700229
31700228
31700229
124504833
31700231
124504833
221110240
221108317
221110240
221110584
126092384
221110584
221091652
126066962
221091281
124524581
221091281
126066962
221106382
221106378
221106429
221106435
31701022
5515312073
221113177
437729754
221106382
221106387
1420077705
310683067
1420077700
596999797
596999794
126094068
221091652
596999847
596999794
596999847
1420077700
596999797
526533292
221112989
221106397
221106392
221106387
596999812
596999811
221106392
596999788
1420077705
596999788
526533292
596999795
221112922
596999795
221112989
596999784
491202324
209390694
221106420
126094069
221106425
596999813
596999769
596999811
596999812
596999813
221106425
514112191
221106425
437729754
221106429
221113204
221113177
9680726834
126093363
514112190
126094069
514112190
514112191
9680726834
596999815
596999768
126093363
526533273
221106420
209390694
596999772
221106400
126073338
126073339
596999774
126073339
596999783
596999774
596999773
596999795
596999773
596999774
3691019539
4605973276
596999773
596999784
596999783
596999772
491202324
221106397
221106420
526533273
1765630410
209390694
437719778
209390697
1765657082
209390697
428525931
209390697
1765630410
1968551693
6277242277
865023812
6100220186
209374806
213955395
213955379
213955306
4774155870
209364967
213955444
213955379
213955395
213955444
209364967
1765657081
209364977
437788171
221106405
221106400
437719778
437788171
1765657082
1765657081
1765630409
437719105
9742296968
209364985
9742296968
437719105
1765630409
1765657080
1765657079
209365009
209365013
1765657078
664167873
1765657078
1765657079
1765657080
1765630409
1765657081
1765657082
4774155870
2378096434
428525931
4514457621
2378096434
4514457621
865023812
6277242277
4559009211
596999815
4559009211
6100220186
4559009211
5515305964
5515312073
221113177
221113204
221113274
221106435
1857963725
221106368
31701022
221106437
221106363
221106368
221106468
221106464
1857963725
221106378
471725446
221106464
471725446
221091281
9680726835
221108180
221101697
867289567
31776943
4504112778
124531262
4504112778
4504112773
29239079
