29239079
124524582
29239079
29795235
31777152
29795236
5413741435
29795235
310090260
29795235
5413741435
29795236
29795237
31777153
29795237
1852904544
7795299487
596988539
7795299488
7795299487
7795299488
596988509
596988490
2516877413
661852604
29795237
661852604
310090261
310090260
6031610190
6031610188
1060181781
313011396
213649440
213649485
213649440
4514524184
2861250119
213649471
213649435
213649430
213649427
213649404
213649401
31700226
31700225
31700224
596999744
213649409
596999744
596999738
818957107
126073336
3405413687
3405413688
3405413687
3405413690
31700225
3405413690
4599930663
3405413688
3405413681
127968322
31700226
4599914669
3405413635
213649418
126102457
7795290662
3405413635
4433257168
213649418
126102457
3405413636
3405413274
2491806937
2491806970
2491806937
7795290658
31700228
3405423343
2491807001
221112922
126094068
126092384
31700229
1969886546
1969886624
1969886546
1969886568
4102812573
213649952
213649947
213649936
213649928
213649404
213649452
213649430
213649452
213649963
213649471
213649435
213649468
6549322023
3733743016
1457424650
1457424712
1457424643
1457424630
5922676538
1457424817
1457424857
1457424817
1457424857
1457424687
1457424827
1457424630
1457424643
1457424686
2167061984
1457424837
1457424687
1457424827
1457424837
2167061984
5010407347
4419450069
1457424864
1457424819
1457424729
1457424638
1457424715
1457424666
1457424698
1457424638
1457424698
1457424793
1457424727
1457424656
1457424655
1457424607
1457424814
1457424723
1457424654
1457424700
1457424654
1457424852
1457424649
1457424657
1457424876
1457424624
1457424661
1457424655
1457424661
1457424777
1457424656
1457424777
1457424725
1457424666
1457424725
1457424624
1457424876
4111655159
1457424715
4111655152
4111655159
4111655152
1457424707
1457424657
1457424707
1457424704
1457424712
1457424650
4362217908
3148391011
1457424704
4114162744
4114162745
4114162745
4114162745
4114162744
1457424822
1457424729
1457424822
1457424818
1457424686
1457424818
1457424819
1457424864
4419450074
4419450069
4419450074
1457424793
1457424727
1457424738
1457424648
1457424607
1457424765
1457424814
1457424765
1457424649
1457424799
1457424704
1457424799
1457424875
1457424653
1457424875
1457424808
1457424794
1457424808
1457424852
1457424654
1457424723
1457424860
1457424776
1457424700
4114219540
1457424794
1457424670
1457424653
1457424746
3148391011
4362217908
3733743016
6549322023
213649468
2492314980
9307175743
4514524184
9307175743
9307175741
310090261
9307175741
313011396
1060181781
3733802877
213649488
213649485
213649866
213649485
5415927950
213649963
4514524164
5415927950
4514524164
213649957
213649952
4102812573
1969886642
124504833
1969886584
31700231
1969886584
1969886548
9212523647
221108317
9212523651
9212523652
2290994744
2290994781
2290994756
2290994840
2290994744
9212523652
9208236793
221108317
9212523678
31700231
391531806
213649886
213649874
213649485
213649488
213649874
213649866
8221788017
8221775915
213649886
391531806
8892311883
4504112773
3215289262
1456706546
4504112778
124531262
221101697
124531262
9212523657
9212523655
9212523651
9212523678
9212523647
9212523646
2291000976
2290999002
2290998998
2290998995
2290994789
2290998994
2290994781
2290994806
2290994756
2290994774
2290994753
2290994779
2290994753
2290994769
7386161818
2290994841
2290994774
2290994769
2290994832
2290994742
2291000979
2291000978
2290994735
2636973094
2290994735
9212523641
221091652
9212523645
221091652
9212523639
1969920679
1969920663
596999847
1420077700
596999797
8221788054
596999794
126094068
8221788034
1969920679
1969920663
8221788051
8221788042
596999794
8221788054
596999797
526533292
596999788
221106392
1969920627
221106387
221106382
221106378
1969930552
876644342
221106429
1818906568
1818906496
1818906481
1968551667
221113274
126068173
9680247407
7494226922
7494226921
9680247653
9680202809
9678739305
7494226923
9678739312
7494226925
8200313175
9678739312
8200313175
9678739306
9678739307
7494226925
9678739307
126068173
9678739309
9678739306
9678739311
9678739309
9678739311
9680247529
9680247515
9680247524
9680247522
9680247520
9680247518
9680247517
9630132842
9630132839
7494226913
9630132838
9630132840
9630132841
9630132843
9630132838
9630132843
9630132839
9630132842
9630132841
9630132840
9678755817
9678739304
7494226923
9680247569
9678755817
9678739304
9680202807
9680202809
9680202807
7494226923
9678739305
9680247654
9680247653
9680247654
9680247406
9680247407
9680247406
7494226921
9680247411
7494226922
9680247411
31701023
1818906503
31701022
1968519496
1968519502
1968519519
1968519502
1968519516
1968519503
1857963725
221106368
1969930542
1968519491
1969930542
1969930538
1857963725
221106378
1969930534
1968519499
1969930547
1968519518
1969920682
1968519511
310683067
1969886547
1420077700
1969886547
9732729046
2428615434
9732729040
471725443
9732729043
1968519518
8221788063
1969920656
1969920682
1969920656
2368078572
1968519511
2368078572
1420077705
221106387
1969920695
596999812
1969920695
1969920697
1969920698
1969920614
221106425
126094069
1968551687
126094069
9585659173
596999769
596999813
1969920614
596999813
5071878858
596999812
1969920621
596999811
221106392
2148178149
221106397
3872968359
491202324
596999772
221106400
221106405
209364980
818957106
209364980
3405413682
3405413683
3405413676
221106405
3405413701
3405413696
437788171
209364977
3405413707
1765657081
1765630409
209364997
1765630409
437719105
209364977
3405413695
3405413704
3405413695
3405413702
209364980
209364985
3382995923
209364985
9742296968
209364985
209390674
209387049
1227379278
1227379277
1846276668
1227379294
1227379286
209387023
3405413694
664167873
209387046
1846276673
1227379283
1227379265
1227379270
3405413693
1227379290
1227379286
1227379298
1227379277
1227379298
1227379297
209387023
1227379297
209387049
1969920684
303432802
1975853560
303432802
1573719222
209387056
3148354117
213649409
303442988
303442989
303442988
303443011
1573711095
1573705311
1573705357
1573705265
1573705346
1573705265
1573705346
1573705299
1573705357
1573705311
3964969147
1573698688
213649392
31700224
213649392
213649401
1573698773
1573698688
1573698773
213649410
213649427
213649410
2516846458
2516846417
1573723040
1573723021
1573698664
1573698819
31700076
1573698819
1573698717
1573698817
1573698843
1574839816
31700076
1500348619
1573711060
1573711073
31700077
1573705293
1573705294
1573705341
1573705349
1573705367
1573705343
3964969147
1573705343
1573705367
1573705349
1573705341
1573705294
1573705293
31700077
1573705362
7170069401
31700055
7170069404
1573719159
300103857
5415829803
31700078
5415829806
31700078
5415829801
1573719201
1573719194
1573719222
4171683688
1573719196
1573719194
1573719196
1573719229
1573719227
1573719201
5415829801
5415829806
213666597
4599971502
209387112
1765657075
1765657076
1765630408
5415829812
4171683688
5415829812
1765630408
1975853544
1975853546
1765657076
1975853546
1975853548
1975853561
1975853560
1975853544
1765630408
213666597
5415829806
5415829803
300103857
1573711040
7170069386
7170069387
7170069397
7170069404
7170069397
7170069403
31700055
7170069402
7170069403
7170069402
7170069401
7170069404
1573719159
2365980505
1573711067
1573711104
1573711097
1573711064
1573711095
303443011
303443010
303442989
303442993
1573719171
3148354117
209387056
596999735
596999732
1969920684
596999732
596999743
596999738
596999743
818956992
818978248
209390674
818956952
818956950
818956947
818957078
818957077
818957025
818956993
596999738
8192387467
818957025
8192387467
818957077
818957078
818957107
818957104
818957106
818957085
818956954
818956947
3405413692
818956993
3405413692
818956992
818978248
818956950
818956954
818957093
818957095
818957043
818957083
818957043
818957083
818957078
818957095
818957093
818957085
3382995923
818956952
209390674
209390670
209387046
1765657079
209365009
209365004
209364997
209365004
1765657080
209390670
437719105
9742296968
437719105
1765630409
1765657080
1765657079
1765657080
1765657079
1765657078
664167873
3405413694
3405413693
1227379290
1227379294
1846276668
1846276670
1227379270
3382995919
1846276670
3382995919
3382995920
1227379278
3382995920
1846276673
1227379283
1227379281
1227379265
1227379281
664167873
1765657078
209365013
209365009
209365013
8191087971
209387031
209365013
209387031
3344583712
3344583713
3344583714
209374793
209374797
3405413735
3405413734
209374797
3405413734
209374806
4207873876
213955395
213955379
213955306
4774155870
213955454
1827633419
213955454
2378096434
428525931
4514457621
2378096434
4514457621
9630132879
8191137273
865023812
9630132883
6100220186
865034420
4207873873
209374806
4207873873
4207873877
4207873876
213955395
213955444
213955379
213955444
209364967
1827633442
209364967
1827633330
1827633324
1827633292
1765657082
209390697
1827633494
1827633419
1827633292
4774155870
1827633330
1827633324
1827633442
1765657081
1765657082
2259046117
2259046118
437788171
437719778
8463679517
1968499069
5706659822
1968499069
8463679518
437719778
1818906582
1818906585
1818906590
1818906585
8463679529
209390694
8463640283
209390694
8463640286
2636973100
1968501155
5706659822
1968501155
8463640287
8463640285
209390694
221106420
1968551671
1818906537
2259046114
1968551689
514112190
8191079724
126093363
1825886346
821375159
1825886347
821375159
1825886352
514112191
1968551677
514112190
1825886350
821375160
1825886346
1825886347
821375160
1825886350
1825886352
514112191
1968551677
1968551687
1968551689
2259046114
8935928109
2259046113
126093363
8191079724
8935928109
2259046123
526533273
2259046113
526533273
1765630410
209390697
5985249290
1818906582
2259046116
2259046121
2259046116
2259046118
3405413706
3405413707
3405413706
2259046117
2259046121
5985249290
1818906590
1818906596
1818906601
1818906559
1968551671
1818906537
2259046123
1818906601
1818906559
8463679529
1818906596
1765630410
6317222678
1827633494
3405413708
428525931
1968551693
428525931
3405413708
1968538004
6317222678
1968538004
1968537999
3405413712
3405413716
3405413712
3405413715
3405413714
3405413715
3405413716
3405413713
8528359565
3405413714
8528359565
3405413713
1968551693
9630132871
6277242277
9630132874
5568680019
9630132867
4559009211
7494226942
6100220186
865034420
3405413731
8191137274
3405413731
8191137274
8191137275
8191137273
865023812
9630132881
7494226946
7494226945
7494226946
9630132883
8191137275
9630132879
9630132877
9630132870
9630132873
6277242277
9630132874
9630132868
7494226943
9560843598
9560843596
7494226943
9560843599
5568680019
7747510646
7016618826
9630132869
9630132871
9630132870
9630132877
9630132881
9630132873
7494226945
9630132868
9630132874
9630132869
7016618826
7016807311
596999768
596999815
3691079587
3691079597
596999768
3691079597
126093363
9680726834
221113177
2259046111
221113177
7017289706
221113204
221113274
1968551667
1818906521
221106435
31701022
1968519515
221106437
221106363
221106359
1969886587
221091275
3853060262
867289552
221101701
867289584
221101690
124502593
221108180
126118895
1969942831
126118893
124524581
221091287
221091275
867289576
437788057
437732887
867289583
221101701
867289586
31776941
31776942
867289561
221101690
867289564
221101697
867289564
867289562
867289561
867289559
867289584
867289559
867289586
867289556
867289583
437732887
3593295649
437788239
361892471
437731034
438111583
867289557
31776941
867289557
867289556
867289583
867289550
867289552
867289550
867289576
818405375
1968554852
221106359
1969886587
1969886607
9212492710
221106468
9212492713
1968519491
1969942826
1968519498
1969930538
1969930549
1969930534
1969930544
1969930547
1969930544
1969930559
8221788063
1969930559
221106382
8935974341
876644362
876644344
876644342
1969930557
1968519512
1968519516
1968519512
221106435
221106429
437729754
876644347
1969920699
3865924736
3865928667
221106425
1818906563
514112191
2259046119
2259046112
2259046111
1818906564
2259046122
1818906563
2259046122
2259046112
2259046119
9680726834
3691079587
8567736420
221113177
8567736420
9630132849
5515312073
9630132851
9630132845
7016618824
596999815
7016618824
8805143395
7016618824
7494226930
4559009211
9630132864
9630132860
5515305964
9630132857
5515305964
9630132858
4559009212
7494226934
437865622
8190829615
9561134518
7016667238
4559009212
7494226935
7016667236
5412399379
6260007812
6260007812
6260007812
5412399379
7016667236
9561128515
7016667236
7494226935
9561128515
7016667238
9561134518
7494226934
9630132853
9630132857
9630132853
9630132858
9630132852
7494226935
9630132852
9630132855
9630132861
7494226942
9630132865
9560843598
9560843599
9560843598
9630132865
9630132867
9630132866
8805143395
9630132889
7016807311
7747510646
9630132888
9630132889
9630132888
9630132866
7494226930
9630132862
9630132854
9630132862
9630132864
9630132861
9630132855
9630132860
9630132854
9630132857
9630132851
9630132850
5515312073
9630132849
9630132845
9630132849
9630132844
7494226913
9630132844
9630132850
31701023
1818906503
1818906521
1818906496
1818906481
1968551670
221113204
1968551670
1818906568
1969920693
1818906564
437729754
3865928667
3865924736
1969920698
1969920697
8935974341
1969920699
876644347
876644344
876644362
1969930552
1969930555
1969930557
1969930555
1968519503
1968519519
1968519504
1968519496
1968519504
221106368
1968519492
221106363
818405353
1968554851
818405375
1968554852
1968554851
818405353
867675395
221106437
8191043058
4589270294
867675395
221106437
1968519515
1968519492
1968519493
221106359
1968519493
9212492711
221106468
9212492712
1969942829
1969942826
1969942829
9212523619
221106464
9212523681
1968519498
1969930551
1969930549
1969930551
1968519499
9212523629
471725446
9212523625
1969886589
1857963722
9208236789
6188314203
1825894243
9802089703
1825894243
9802089696
1857963721
1968537996
1968537991
1968537987
1968538012
1968537987
1968537991
9802297226
9802089682
9802089674
9802089700
1968538012
9809886072
1968537996
9809886072
9802089699
9802089700
9802089699
9802089696
1857963721
9802297225
9802297226
9802297225
9802089682
9802089674
9802089696
1825894243
9802089704
1825894230
9208236787
1825894230
9809920533
9172249948
1825894203
9802316289
9802316287
9802316285
9802316286
1825894227
1825894203
1825894227
1825894222
9802316284
9802316283
9802316282
9809920582
9802316284
9802316283
9802316286
9802316283
9802316282
9809920580
9809920560
9170656687
9809920562
9170656687
9809920579
9208236786
9170656684
9212492710
9212492711
9212492713
9212492712
9170656684
9212523618
9208236788
9170656683
9208236789
9208236787
9809920532
9172249949
9172249948
9809920533
9809920532
9809920531
1857963722
1969886589
9725789751
2428615335
2428615376
9211308889
1969886545
1969886616
1969886545
8463645311
126066962
8463645312
2428615653
8463645311
2428615376
8463645310
126066962
8463645310
9212523631
221091281
9212523637
2428615335
9212523631
9212523632
2290994841
2290994840
2636973095
1969942832
1969942831
126118895
9212523659
9212523657
9680726835
9212523655
9212523654
2290994744
9212523654
9212523661
9212523659
9680726835
9212523661
2636973095
1969942832
9212523633
221091281
9212523635
126118893
9212523635
9170656686
9810109960
9172249949
9810109960
9810109958
9809920531
9810109958
9212523637
9170656686
9809920586
9802316288
9809920562
9809920563
9809920560
9809920563
9809920561
9802316287
9809920561
9802316288
9809920586
9170656686
9212523635
9212523633
9212523632
9212523631
8463645310
9725789738
7386161818
9725789738
9725789737
2291000980
2291000979
9212523642
221091652
9212523643
9212523642
9212523641
9212523639
9212523645
596999847
9212523645
9212523643
8463645312
9725789737
2291000980
2290994832
2290994770
2290994747
2291000978
2291000983
2291000981
2290994747
2290994813
2290994742
2290994813
2290994770
9725789749
2290994779
2290994757
2290994821
2290994753
2290994821
2290994806
2290994789
2290998994
2291000991
9208236793
9212523646
9208236793
2291000991
2290998998
2290998995
9725789741
2290998996
2290994757
2290998996
2290998993
2291000981
2290998993
9725789744
2290999002
9725789744
9725789743
2291000976
8463645313
1969886548
8463645313
221110240
124504833
1969886642
1969886634
1969886644
1969886568
1969886644
1969886624
1969886669
4514524157
1969886669
1991876841
9212523676
221110584
221110240
221110584
9212523677
2636973094
2291000983
9725789743
9212523677
9212523676
1991876841
4514524157
126092384
31700229
3405423342
31700228
3405423342
3405423343
7795290658
2031380718
3405413292
3405413594
3405413280
3405413600
3405413601
3405413620
3405413621
3405413623
3405413631
3405413621
3405413620
3405413600
3405413613
3405413615
3405413601
3405413615
3405413613
3405413600
3405413280
3405413286
3405413593
3405413594
3405413593
3405413292
2031380718
213649973
213649947
213649973
213649936
213649928
4738429568
4738429562
4433257168
3405413636
7795290659
3405413638
2491806939
3405413669
7795290662
7795290659
7795290662
3405413669
3405413671
127968322
3405413671
3405413674
3405413680
126073338
221128630
126073336
3405413686
3405413682
3405413686
3405413684
3405413683
3405413684
3405413685
221128630
3405413681
3405413674
3405413680
3405413661
2491807003
2491806939
2491807003
2491807060
2491807119
2491807125
2491807060
2491807125
2491807156
2491807152
2491807140
2491807135
2491807134
2491807121
9742536406
2491807121
9742536399
9742536406
2491807099
2491807083
2491807007
2491807014
2491807011
2491806966
2491806957
2491806970
2491807001
221112922
8463660822
9742536577
2491807095
2491807081
2491807011
2491806966
3405413653
2491806957
3405413653
3405413638
9742536384
9742536378
2491807083
2491807099
9742455613
2491807097
2491807095
2491807081
2491807098
221112922
2491807098
9742536577
8463660822
2491807147
2491807135
2491807147
2491807152
2491807156
596999795
221112989
8463640261
8463640300
596999784
596999773
8463640301
4605973276
3691019539
4605973278
3405413668
3405413662
3405413661
3405413662
3405413668
4605973278
4605973276
3691019539
8463640302
596999774
596999773
8463640299
8463640263
8463640261
8463640263
596999795
8463640258
526533292
596999788
1968519494
1968519510
1420077705
1968519510
1968519495
1968519494
1969920630
1969920627
1969920691
1969920621
596999811
596999769
9585659173
2148178145
2148178149
2148178145
221106420
1969920619
1848689885
1969920619
3870847699
3870847700
8463640288
596999753
596999747
596999761
596999747
8463640289
2636973100
8463640289
8463640288
596999753
596999766
596999761
596999757
596999762
596999766
596999762
8463640290
491202324
8463640293
596999770
596999771
596999786
596999787
596999770
8463640293
8463640294
596999771
8463640294
596999772
8463640291
8463640290
8463640291
3691022754
596999757
3691022754
3405413700
221106400
3405413675
3405413677
3405413676
3405413685
3405413678
3405413677
3405413678
3405413679
126073338
126073339
8463640303
596999774
596999783
8463640297
596999786
596999787
8463640296
596999784
596999783
8463640298
8463640297
8463640296
8463640300
8463640299
8463640301
8463640302
8463640303
8463640298
126073339
126073338
3405413679
3405413675
3405413679
3405413675
221106400
3405413700
3405413697
3405413698
3405413696
3405413704
3405413703
3405413702
3405413703
3405413701
3405413699
3405413698
3405413699
3405413700
3405413697
8463679517
3405413697
8463679517
1968499069
8463679518
8463640285
8463640287
8463640286
8463640283
3870847700
3870847699
1848689885
221106397
3872968358
3872968359
3872968358
221112989
8463640259
8463640258
8463640259
526533292
1968519508
1968519495
1968519508
310683067
9732729045
471725443
9732729044
9211308887
9170656691
9725789751
9211308889
9211308887
9732729040
1969886616
9732729047
2428615653
9732729046
9732729047
2428615434
9732729045
9732729043
9732729044
9212523623
471725446
9212523627
9170656683
9212523625
9170656691
9212523623
9212523629
9212523627
9212492715
221106464
9212523619
9212523618
9212523619
9212523681
9212492715
9208236788
6188314203
9810017200
9809920466
1825894222
9802089701
9802089704
9802089701
9802089703
9809920466
9810017200
9208236786
1969886607
221091287
4309764767
124502593
4309764767
3853060262
4309764767
3853053730
124524581
3853053730
221108180
221101697
867289567
867289562
867289567
31776943
31776942
361889726
221075916
31700818
31700819
31777152
31777153
1851835123
31700819
1851835123
437733314
438111584
221075916
31700818
124524582
31776943
1279476096
4504112778
7795290653
4504112773
8892311883
7795290653
3215289262
1456706546
29239079
