96049028
96049032
96049028
1929185768
1929186052
604129323
285364921
285364922
373680163
373680061
285364929
285364926
285364924
285364922
285364924
285364926
285364929
285364931
373680300
285364931
604127660
604127657
604127659
285364938
604127659
604127657
604127660
604127665
285364938
373680300
412321576
412321681
412321681
412321681
412321576
604127681
604127684
604127681
604127684
412321538
373680304
373679945
412321352
373679945
412321418
412321423
412321423
412321423
412321418
369522778
604127719
604127715
369522778
604127715
369598580
369522772
581097001
110797231
581075150
369522772
604129352
581097001
581097002
581096976
226330667
226330660
226330654
226330638
581096966
581096951
581096950
604127670
226330590
226330578
538523139
538661035
538661035
538661035
538523139
1766540630
538531395
538523911
538661216
538661216
538661216
538523911
3199579078
226330638
3199579078
226330590
226330578
3199577305
538426116
1766540620
369600124
583069333
581096929
581096926
581096931
369599821
1766674658
538664317
1766674660
538531376
1766674655
1766674652
1766674655
1766674652
1928430897
1928430895
538531380
538531376
538531380
1766674662
538531387
369599828
1766674668
538665747
1766674662
538531387
1766674656
581098026
539255957
581096960
539255957
581098092
581098089
581098078
581098026
581098078
581098084
581098073
581098068
2330646958
581098068
581098087
581098080
581098084
581098080
581098095
581098089
581098095
581098142
581098087
581098142
2330646958
581098071
581098073
581098071
369599828
369600347
369600383
369598734
369598731
369598730
369600446
369600400
369600417
369600417
369600417
369600400
369598731
369598730
369598751
581098256
369600401
369600446
369600401
369600448
369598749
369600448
369598749
583070650
581098486
581098254
581098256
581098254
581098453
581098353
581098208
581098353
581098352
581098349
581098337
581098346
581075179
581075177
581098266
581075184
581075201
226330732
581075194
581075163
581075160
1926430046
581075160
583070509
226330719
226330702
226330688
226330678
369598808
226330678
581096997
226330667
581096997
581096976
581097002
581097011
226330678
226330688
581097014
581097015
581097010
581097011
581097010
581097058
581097065
581097058
581097065
581097063
581097015
581097063
581097014
226330688
226330702
581097074
581098266
581097074
369598722
2069356922
369598813
369598803
1766674642
581096960
581096962
581098028
1766674656
581098028
369599908
581098024
583070265
538531395
1766540664
1766540671
1766540664
1766540669
1766540630
1766540669
1928430899
1928430893
4557372540
369599908
4557372540
1928430895
1928430897
1928430899
1928430893
1766674648
1766674646
1766540671
1766674646
1766674648
583070265
581098024
1766674644
581096962
1766674644
1766674641
538523911
1766674641
581096975
226330654
581096975
369598800
226330660
369598800
2081734552
2081734543
2081734543
2081734543
2081734552
369598803
369598813
583069512
369598808
583069523
369598808
583069512
583069523
1924499838
1924499838
1924499838
583069523
2069356922
369598722
581098286
581098282
581098104
581098116
581098092
581098116
581098119
4710881536
4710881529
4710881536
4710881529
581098197
581098181
581098169
581098169
581098169
581098181
581098333
581098119
581098333
581098283
581098282
581098286
581098335
583070519
581098335
581098346
581098365
581075232
581075228
581075227
581075214
581075218
2079275609
581075218
581075226
581075179
581075226
581075199
581075180
581075177
581075180
581075199
581075201
581075184
581098318
581098295
581098295
581098318
226330719
226330702
581097077
581097078
1926430046
581097078
581097077
110797231
581075161
110797230
581075169
110797230
581075320
581075209
226330754
226330745
226330732
583070509
226330719
583070509
226330732
226330745
1924466687
2079275609
1924466687
226330745
226330754
581075209
581075210
581075174
581075210
581075174
581075194
581075163
581075161
1926198755
581075162
581075150
581097050
581097033
369598504
581097033
1929857202
369598507
581097032
581097003
369598580
581097003
581097032
369598507
369598507
369598507
1929857202
1929857200
369598504
419190674
419190468
419190674
419190468
1252070950
583069639
1252070950
583069639
583069620
581097050
583069620
581075162
1926198755
581075169
581075319
581075320
583075801
583075800
581075321
581075319
581075321
110797227
583075838
369605315
369605320
369605318
369605320
369605318
369605315
583075838
583075800
583075801
583075800
583075838
605477315
98413645
98413646
581075349
98413646
98413648
581075378
98413648
369782223
369782203
369782223
369782203
369782308
98413646
369782308
9705423532
369782308
9705423532
9705423549
9705423438
226330810
581071402
226330822
581071445
226330822
581071402
226330822
226330850
588555777
226363264
583076619
588555777
583076619
588555776
226363264
583076711
4883913054
4883913054
583076711
226363264
588555776
6439811355
581071502
581071506
458480550
4867659967
583077322
226363390
298883407
298883399
298883407
298883399
298883371
298882529
298883371
4867660047
583077354
226363409
583076402
583077354
4867660047
4867660042
298887825
298887826
298887825
298887881
583078036
2262904969
583078036
2262904969
581064337
581064334
298887907
2263021968
298887907
2263021968
298887913
2263021982
2263021982
2263021982
298887913
4331975443
588566218
298889062
298889067
588566219
581064302
588566218
588566219
588566224
581064312
581064315
581064315
581064315
581064312
581064318
581064386
581064384
581064325
581064318
581064325
581064329
715929123
581064329
715929123
581064388
5225491459
588566242
588566245
588566252
1540333205
588566242
1540333205
588566258
588566252
8616394176
8616394173
583078013
8616394227
8616393572
8616393586
8616365068
4332093381
583078013
3186595341
8616393607
4332093375
4332093381
8616365068
8616393586
8616394227
8616394176
8616394173
4690709706
3186595341
4690709714
8616393607
4690709714
3186595349
4330658849
4690709706
8616394173
8138222335
5225396734
4330658849
5225396734
8726408325
588566245
5225491459
581064388
588566226
581064384
588566226
583078102
581064386
583078102
588566224
588566219
581064302
581064288
5232750032
581064288
5232750032
4331975443
588566213
4330678126
4330678108
4330678108
4330678108
4330678126
581064256
4330725323
298890663
1894702722
298890702
298890722
298890722
298890722
298890702
4068439626
583077898
298890665
298890663
4330725323
581064256
581064244
581064254
581064254
581064244
226363484
226363468
583077865
4330743775
583076420
583076416
583076420
583076418
298887834
298887833
298887826
298887849
298887857
4867659998
581064337
4867659998
298882585
5232750033
5771573108
5232750033
5771573108
588566214
588566213
588566214
226363484
226363468
4867660007
583077865
4867660007
298887857
298887849
298887834
583076418
8257855696
298887833
8257855696
583076416
583076402
226363409
226363401
226363390
583077322
4867659966
298882531
298882529
537214040
537214087
537213959
537213965
537214079
537214075
537214073
537213947
537213942
537214095
537213942
537214071
537213947
537214073
537214095
537214092
537214075
537214092
537214103
537213959
537214103
537214079
537213965
537214087
537214040
537222346
9755520990
1444968835
583077213
298882531
4867659966
1762280981
4867659967
1762280981
1762286715
583076694
458480563
583076748
583076694
583076748
581071531
226363294
537222237
581071531
537222237
537222078
537222052
581071524
458480563
581071507
581071524
581071507
583076673
581071506
583076673
581071502
581071526
6439811355
581071526
537222052
537222078
537222072
226363300
583077211
583077213
1444968835
583077275
537222344
537214003
537213997
537213998
537214006
537214006
537214006
537213998
537214003
537222344
9755520985
537222346
9755520985
9755520990
1444968835
583077275
583077211
226363300
583076753
226363294
583076701
583076753
583076701
1762286715
458480550
458438858
1762269067
458438858
581071475
583076648
581071469
581071381
581071469
581071381
581071378
581071377
581071379
581071370
581071367
458456407
581071345
581071344
583075995
581071372
581071373
581071379
581071377
581071380
581071378
581071380
581071373
581071372
581071370
581071367
581071345
458456407
1762269051
1762269042
458431407
458457595
1762269036
458457595
1762269050
1762269040
1762269036
1762269034
1762269039
1762269040
1762269039
1762269041
1762269038
1762269035
1762269034
1762269035
1762269055
1762269038
1762269055
1762286709
1762261377
1762261365
1762261359
458446715
583076277
458446715
583076279
583076277
1019418449
604670885
1019418449
604670885
1762269048
604670122
604670752
604670124
604670124
604670124
604670752
1762269048
604670122
1762261359
1762261365
1762261402
583076279
1762261402
1762261403
458448137
458448753
458448137
1762269067
1762269066
1762269063
458448753
458448816
458448815
1762269063
1960948366
1762269054
1762269056
583076144
458448815
583076144
583076180
458448816
583076180
1762269062
1762261403
1762269062
1762261377
1762286709
1762269056
1762269054
1762269053
1762280965
583076137
458459001
458459006
1762280960
1762280951
1762280950
1762280944
1762269041
1762280944
1762269053
1762280965
1762280962
458459001
1762280962
1762280951
1762280960
1762280963
458459006
1762280963
1762280966
1762269060
583077197
1762280967
1762269051
1762269050
1762280958
1762280950
1762280958
1762280964
1762280967
1762280964
1762280966
1762269060
1762269057
583076137
1762269057
1960948366
1762269064
1762269066
1762269064
583077197
1762269065
583076652
583076652
583076652
1762269065
583076648
581071475
581071476
581071466
581071461
581071440
581071449
581071445
581071440
581071441
581071439
581071443
581071439
581071460
581071441
581071460
581071461
581071466
581071465
581071449
581071465
581071467
581071487
581071483
458438858
581071483
581071467
581071483
581071467
581071465
581071449
581071445
581071443
581071402
226330810
9705423550
226330810
9705423438
9705423456
581071398
581071429
581071436
581071418
581071349
581071418
581071349
583076012
581071347
581071355
581071435
581071355
581071375
581071435
581071436
581071429
581071398
9705423456
9705423357
98413645
9705423457
9705423549
9705423550
9705423532
9705423550
9705423549
9705423457
9705423456
9705423357
581075341
110797227
581075341
605477315
581075349
226330801
226330780
226330754
226330780
581075329
581075239
581075247
581075214
581075247
581075329
581075239
581075245
581075227
581075245
581075251
581075228
581075251
581075252
581075250
581075282
581075360
581075335
581075334
581075326
581075250
581075326
226330801
226330780
226330801
581075349
581075378
581075376
98413649
98413648
98413649
4710841824
1951343734
581075368
581075369
581075288
581075288
581075369
581075368
5225396781
581075285
1928445679
1928446154
581075262
1928445757
1928445759
1928445757
1928445759
1928445690
1928445679
1928445690
581075262
1928446154
581075285
5225396781
581075369
8796769020
1951351913
8796768968
4527980426
1951357527
1951351913
1951357527
4527980426
4710841824
1951357527
8796769020
1951343734
581075376
581075375
581075363
581075365
581075335
581075365
581075363
581075375
581075360
581075282
581075274
581075254
581075252
581075254
581075263
581075257
581075261
581075263
581075261
581098495
581075274
581098495
583070650
581098486
581098471
581098384
581098349
581098352
581098469
581098453
581098469
581098471
581098384
581098472
581075257
581098472
581075232
581098365
581098337
583070519
581098208
4557372555
581098197
4557372555
369600391
369598751
369600391
369600389
581098245
830650303
581098245
830650303
830650308
369600389
830650308
369600383
369598734
369599025
538670975
538670712
369600347
538670712
1601704501
538670975
1601704501
1766674669
538668320
1766674668
581098065
581098045
581098056
581098045
581098065
581098213
581098056
581098213
1766674669
538668320
1766674660
538664317
1766674658
369599821
1766540690
582804866
581096926
581096931
581096929
583069333
1766540660
582804866
1766540690
597065970
1766540637
369600186
369599817
583069280
369599817
583069280
581096910
581096911
581096911
581096911
581096910
583069277
583069270
583069270
583069270
583069277
583069280
583069277
597065951
369599817
369600186
369600184
369600184
369600184
369600186
538531403
369600092
538531403
369600118
597065951
369600118
4078837781
1929185768
1929186052
4078837781
4078837772
4078837694
1766540553
369600092
1766540614
369600122
1766540621
538426128
1766540614
538426128
1766540633
1766540660
1766540633
1766540624
1766540621
1766540624
369600124
1766540620
1766540611
1766540607
538426116
3199577305
3199577304
9718234277
9718234277
9718234277
3199577304
4078837780
3736946879
1766540557
1766540607
1766540611
1766674630
369600122
1766674630
1766540557
1766540553
4078837694
3736946879
4078837780
3199579169
5273445735
373679951
373680065
373680158
373680107
373680158
373680107
373680104
373680163
373680104
373680065
373679951
373679977
373679949
373679977
373680021
604127674
373680021
373680025
373680061
373680025
604127685
412321400
604127685
604127674
412321400
412321346
412321349
373680304
412321341
412321341
412321341
373680304
412321349
412321346
373679949
412321350
412321365
412321352
412321365
412321350
604129342
604129343
604127667
604127670
604127667
604127687
581096950
604127687
604127701
604127689
604127693
581096951
604127693
604127689
604127701
604127697
604127710
581096963
9718277031
9718277031
9718277031
581096963
581096967
581096966
581096967
604127710
604127697
604129345
604129352
604129345
604129343
604129342
5273445735
604129323
604129314
110796375
7357344512
4340900132
604123363
285364253
1931875163
285364921
1931875163
604123386
604123363
604123354
715847631
604123354
715847631
604129304
604129285
604129271
604123041
604123037
604123034
604123016
110797257
457713914
459390333
457713911
459384689
457713911
1987930819
459384742
459384695
459384689
459384690
459384691
459384703
459384691
604124127
459390316
459390319
459390264
459390275
459390321
459390264
459390321
459390375
459390316
459390375
459390373
459384748
459384703
459384698
459384690
459384698
459384696
459384695
459384742
604123013
457713907
604123013
459384738
459384696
459384738
457713907
457713905
457713903
457713895
457713897
457713897
457713897
457713895
457713885
457713951
457713944
457713921
457713915
457713916
459384756
457713939
457713915
457713939
457713934
457713933
457713905
457713933
457713964
457713885
457713964
457713903
604123016
110797257
459390336
459390339
459390303
459390309
459390303
459390310
459390315
459390310
604122973
604101866
459390354
459390315
459390351
459390309
459390339
459390336
604122939
604122917
110796363
109837399
604101648
604101649
6665540521
604101638
604101621
604101605
604101609
604101546
604101548
604101546
604101548
604101541
604101748
109828174
6665540522
109828174
2635397664
109828167
604101764
109837407
1934472494
9674288464
2635397701
109837407
2635397701
604101692
604101696
604101488
604101448
604101693
604101692
604101693
228826663
604101444
604101432
574526389
568458043
232292176
232292162
232269682
604059963
232292119
604059922
604059960
604059866
604059856
604059858
655294401
655294401
655294401
604059858
604059866
604059856
655291587
655291590
658534005
655291590
658534005
604059922
604059960
604059963
604059949
604059945
604059945
604059945
604059949
604059954
604059939
604059831
604059827
604059926
232292119
604059926
604059827
604059831
604059829
604059937
604059829
604059941
604059937
604059939
604059954
604059956
604059996
604059956
658470992
604059941
658470992
658444756
658444756
658444756
658444366
658444754
658444366
658444754
604059996
604059997
574526540
574526449
574526430
574526462
574526479
574526462
574526479
574526496
568458076
568458062
568458056
4346348781
568458181
568458027
568458051
568458027
574526293
574526100
574526304
574526125
574526100
574526293
604060128
568458108
568458090
568458062
568458056
568458071
568458051
568458069
568458071
568458069
568458090
568458108
110797273
574526442
574526437
574526430
574526449
574526437
574526442
574526496
568458076
4346348779
4346348781
4346348779
568458179
574526548
568458179
574526548
604059997
604059970
232269682
604059970
604059968
604059972
604059995
604059972
604059995
604059990
604060011
568458034
4346348785
574526273
574526261
574526185
574526158
574526142
568458008
568457989
568457992
568458008
604122861
226302331
604060187
604060193
604060187
604122870
604060193
604060194
604060188
226302331
604060188
604060189
604060180
604060184
604060176
604060137
2934925747
604060174
2934925747
604060174
604060141
604060137
604060176
604060190
604060184
604060190
604060189
604060186
604060146
604060186
604060146
604060153
604060124
604060122
604060124
604060143
604060153
604060143
604060140
604060132
1985244195
604060132
604060145
604060116
604060119
1985244193
2934961181
110797273
9674802090
110797275
9674802093
574526540
2635397798
656345541
2635397798
656345541
658444342
656345541
658444342
4313623028
656345531
110797275
604060001
604059838
194611944
604060002
194611944
604060015
604060014
604060031
604060101
226302257
604060101
604060014
604060015
9675874051
604059820
194615286
604059817
604059816
604059820
604059816
194615286
1985246187
604059817
8232714761
3966532262
604059621
604059689
604059689
604059621
3966532262
4346348703
3998098715
4346271139
3998098716
3998098715
4346348703
3966532262
8232714761
604059817
1985246187
1985246199
1985246237
1985246237
1985246237
1985246199
1985246130
1985246120
1985246130
1985246938
1985247032
1985247035
1985247180
1985247180
1985247035
1985247032
1985246938
1985246936
1985246120
1985247310
1985245986
9675874051
1985245986
1985246111
1985247297
1985247319
1985247319
1985247319
1985247297
1985247298
1985247280
1985247298
1985247280
1985247279
1985246111
1985247310
1985246111
1985247279
1985246936
1985247014
1985247013
4313622990
1985247014
4313622990
4840244268
4840244268
4840244268
4313622990
4313622991
1985247019
1985247013
1985247019
1985247425
656345531
110797275
9674802090
9674802093
4313623028
1985247425
1985247415
1985247437
1985247437
1985247415
604059836
604059835
604059836
604059835
604059838
604060001
604060002
2934961180
1985244742
1985244562
1985244565
1985244562
1985244565
1985244568
1985244561
1985244691
1985244563
1985244691
1985244742
2934961180
2934961181
1985244563
1985244561
1985244568
226302257
6665540402
604060111
604060156
604060155
604060155
604060155
604060156
604060111
6665540402
604060141
604060140
604060136
1985244549
604060136
1985244549
1985244195
1985244193
604060119
604060116
604060145
604060122
604060128
574526253
574526258
574526158
574526142
574526166
568457989
574526166
574526202
574526194
574526185
574526194
574526202
604101545
604101430
604101473
604101437
604101438
604101432
604101444
604101438
604101437
604101463
604101448
604101463
604101480
604101483
604101483
604101483
604101480
604101473
604101430
574526261
574526402
568458181
4346348783
4346348785
4346348783
604101427
574526273
574526365
574526352
574526356
574526352
604101396
568458034
568458036
604101414
568458036
604101404
604060011
604059990
604101392
604059978
604059968
604059978
604101392
232292162
232292176
604101390
604101404
604101390
604101414
574526341
604101396
574526341
568458043
574526389
574526356
574526365
574526273
604101427
574526402
574526125
574526304
574526258
574526253
604122861
604122862
604101643
604101605
604101609
604101605
604101643
604122874
604122865
604122886
604122865
1522573959
1522573959
1522573959
604122865
604122873
604122874
604122873
4352678144
4352678145
4352678144
4352678145
604122892
604122893
604122886
604122871
604122870
604122862
604101643
604122896
604122892
604122896
109837399
604122901
604122902
604122901
604122902
2635397722
110796363
604101641
604101635
1522573944
604101636
604101808
604101636
604101657
604101837
604101657
604101669
604101667
604101669
604101670
604101678
604101653
1522573944
604101653
604101678
604101670
604122912
604122917
604122912
604122973
604101866
604101858
604101855
604101855
604101855
604101858
604101667
604101857
604101837
604101802
604101798
604101802
604101808
604101798
604101792
1522573972
604101782
604101790
604101743
604101827
604101743
604101765
604101827
604101825
1522573972
604101825
604101790
604101782
604101797
604101792
604101797
604101635
604101641
6665540521
604101641
6665540522
604101638
604101630
604101628
604101621
604101628
604101630
604101748
604101746
604101738
604101714
604101708
604101511
604101497
604101720
604101695
604101488
604101696
604101695
604101720
604101706
604101708
604101511
604101513
604101518
604101557
604101559
604101556
604101559
604101556
604101581
604101736
604101518
604101736
604101714
604101738
604101740
604101706
604101740
604101764
604101746
2635397664
109828167
604101769
604101765
604101769
459399324
459399323
459399322
459390258
459384721
459384718
459384717
459384715
459384710
459384707
457713928
457713926
459384758
459384705
459384749
459384715
459384717
459390279
459390275
459390279
604124106
459390319
604124106
604124105
459390352
604122974
459390353
459390351
459390353
459390388
459390335
457713914
459390333
459390335
459390388
604124125
604124127
604124125
459390388
459390352
604124105
459384721
459384718
459390286
459390257
459390258
459390257
459390256
604122972
459399327
459399322
459399327
604122971
3269667481
459399331
459399323
459399324
459399332
459399331
3269667481
604122971
604122972
459390256
604122978
604122981
604122978
604122981
459397645
459390286
459390252
459384752
459390252
459390253
459390254
459390253
459390254
459390255
459384754
459384752
459384710
604123045
604123046
604123045
604123046
459384749
459390373
459384748
459384743
457713934
459384743
459384756
459384758
459384705
457713928
457713926
457713918
457713916
457713918
457713919
457713921
457713919
604123051
457713944
457713951
604123024
604123022
3735392649
604123034
604123037
9686704170
604123041
604123037
3735392649
604123022
604123124
604123136
604123125
604123119
604123111
604123110
604123096
604123089
604123092
604123093
604123118
604123024
604123118
604123115
604123119
604123115
604123093
604123092
604123096
604123089
604123051
604123050
604123048
459384707
604123048
604123067
604123068
604123067
604123071
604123076
604123069
604123068
604123100
604123057
604123059
604123050
604123059
604123057
604123100
604123108
604123107
604123069
604123107
604123140
604123076
604123137
604123140
604123137
604123138
604123145
604123086
604123087
604123086
604123087
1956029653
1956029635
604123157
604123155
604123155
604123155
604123157
604123151
604123145
604123151
604123138
604123143
604123162
604123168
604123195
604123195
604123195
604123168
604123162
604123143
604123173
604123109
604123108
604123109
604123110
604123111
604123129
604123128
604123171
604123128
604123134
604123130
604123129
604123130
604123125
604123136
604123317
604123135
604123131
604123134
604123131
604123171
604123174
604123173
604123174
604123175
604123135
604123175
604123184
604123189
604123188
604123190
604123186
604123200
604123340
604123209
604123202
604123255
604123376
604123376
604123376
604123255
604123202
604123208
604123202
604123208
604123221
604123228
604123226
604123226
604123226
604123228
604123249
604123252
604123252
604123252
604123249
604123228
604123268
604123239
1956029651
604123240
604123240
604123240
1956029651
604123239
604123268
604123228
604123221
1956029635
604123221
604123208
604123209
604123340
604123341
604123339
1927860129
1927860129
1927860129
604123339
604123341
604123340
604123200
604123186
604123190
604123189
604123188
604123335
1926377491
1926377491
1926377491
604123335
604123316
604123317
604123316
604123315
604123124
604129271
604129276
604129281
604129288
604129285
604129288
604129297
604129300
604129304
604129300
604129303
1931769244
9716869694
96049032
9687753373
9716869694
9687753373
110796375
9689778323
604129304
9689778323
7357344512
4340900132
4340900133
604123386
4340900133
604129314
96049028
