29287991
438343154
215124904
213943484
29287991
213948415
213943471
213943467
213943458
29794126
29794125
29794123
209432571
213943452
213943450
213943447
213943443
213943447
213966550
2296155972
213966554
213943443
438111548
213943383
9561128510
7016667231
438111548
7016667231
213966567
1952957790
213966558
2296155968
213966554
2296155968
2296155972
213966550
1068583421
213948410
213948397
213948400
213948464
213948453
213948459
438326931
213948400
438326931
1766803136
213943471
213943467
213966536
1068583420
213948397
1068583420
213948410
1068583421
213966542
213966536
213966542
213943461
213943452
213943461
213943458
209432571
319987380
29794121
438840190
29794121
3455719386
438343127
437788034
437863361
437787997
3621826212
213903343
878786016
213903343
1528888334
1528888345
823567708
8974574605
213903295
213903290
213903285
213903125
3621791598
213883249
213903152
438301433
437660296
1766961961
213903290
213903285
438301430
213883249
438323561
438302089
438299891
438299886
279134610
213878792
159117795
213878780
159117788
438312159
437816188
3440092399
438303171
213883185
213903166
159117795
213903166
438303163
437816188
438312159
2238486166
437655975
9049461048
437816024
437816023
437655975
438310359
438310346
3687376052
438303183
437794530
213883185
213883212
213903280
213878792
279134610
1575730124
213883212
213903280
1575730124
438299891
438299897
438302085
438302083
438299901
438299897
438316410
437794530
438316410
438316407
438318751
438313847
438840246
438315032
437865325
438840248
437794530
438303183
438303171
438303163
1878333228
438303156
213878780
438303156
1878333228
1878333282
159117788
2238486162
2238486166
2238486162
437816023
437816024
4601254367
4601254369
438304322
213870535
213839112
213839108
4601254364
438304322
2238506632
4601254369
2238506632
438304311
213878709
213870535
213870540
213839115
213839112
213839115
213839117
298542591
213839117
213878759
213870540
213870737
213870732
213870600
213870599
213870594
213870589
213839178
213839174
213839170
213839165
213800725
213760111
31777015
31777014
31777013
213760102
31777013
213839080
31777014
213839080
9156271239
213783905
213760018
213760021
213783897
213783895
213783905
9156271239
3655727951
213783895
3655727951
9731019276
213783890
213783886
213783883
213783880
213783877
213783874
213783869
213783864
213783856
213783853
213783849
213783853
213845802
213783941
213783936
213783929
213783869
213813255
31777024
31777023
31777022
31777021
31777020
31777019
31777018
31777017
31777016
31777015
298542604
31777016
213760117
213760111
213760102
4656431564
4656431569
4656431564
4656431569
1401297919
4466700834
1401297919
4466700834
213839168
213839165
213839161
213800725
213839384
213760117
213760121
31777017
1069953128
298542604
1069953128
213813102
31777018
213760126
213760121
213839145
213813096
213760126
213760128
31777019
213813108
213783886
867319710
867319712
867319710
867319712
867319806
867319725
867319806
867319725
213783909
213783897
9731019276
213783890
213813102
213813108
213813119
31777020
213760132
213760128
213813112
213813096
213813100
213813114
213813112
213813127
213760132
213760136
31777021
31777022
213760141
213760136
213813229
213800733
213760141
213760144
31777023
213813258
31777023
213760144
31777024
31777025
985848419
31777031
31776978
31776977
31776976
31776975
31776974
31776973
31776972
31777037
31777036
31776973
213784064
213784072
31776972
213759796
31776971
32585168
213784060
213759796
213759792
31777037
213784067
213759748
213759734
213759730
213759752
31777038
31776971
31777038
213759792
213759748
213759752
213759730
1234301590
3651507529
1234301590
4351430676
662266655
658627897
658627897
658627897
662266655
662266656
213839407
213839182
4351430675
4351430676
4351430675
662266656
658627924
658627924
658627924
662266656
662266655
3646517940
3646505251
3646517940
3651507529
4508499395
3954639327
246650054
215622747
246650221
246653228
246650221
246650267
246653226
246653228
246653226
246650267
246650258
1450239253
246650234
303687907
246653262
1167472554
246657148
246657147
246650067
246650057
246650064
246657512
246657513
246650055
246650054
3954639327
3646505251
3793130741
246657512
246657515
246657509
3955515311
246657509
3955515311
3955515310
246657515
3955515310
3793130741
246650055
246657513
246650057
246650067
246650065
246657523
246650064
246657523
246650065
4067172834
246650067
246657543
246653262
246657543
246657148
4658691363
438419048
246657147
246657146
246653259
4067172834
246653259
246657517
246653258
246653257
246657524
246657524
246657524
246653257
246657144
246657143
246657142
246657118
246653256
246657526
246657526
246657526
246653256
246657525
246653256
246657122
246657141
246657528
246657140
246657123
246657529
246657122
246657529
246657530
246657530
246657530
246657529
246657528
246657140
246657532
246657139
213839404
213839214
213839182
213839210
213839205
213839210
213839231
213839214
213839400
437823098
437822644
246657139
246657138
213839407
213839404
213839400
213839404
213839407
246657138
246657533
246657123
246657533
246657536
246657536
246657536
246657533
246657532
246657140
437822260
437821887
246657141
246657525
246657142
437821285
437821241
246657143
246657538
246657118
246657538
246653257
246653258
246657145
246657144
246657143
437821241
437821229
246657145
246657520
246657517
246657518
246657518
246657518
246657517
246657520
246657146
438428396
437821229
437821230
246657071
246657110
246653218
246657546
246657072
246653346
246657547
246653219
246653218
438840402
438419048
438428396
438428394
246657110
438428391
246653219
246657547
246657546
438840404
438419701
246657072
246657610
246657613
246657610
246657613
246657073
438840409
246650285
4658735296
303687913
303687907
303687913
1167472554
4658691364
246657587
246657584
246657608
246657584
438419701
438840409
246657608
246657586
246657607
246657586
246657589
246657607
246657601
246657589
246657601
246657600
246657596
246657600
246657596
246657594
246657591
246657594
246657591
246657587
4658691364
4658691363
438840404
438840402
438428394
437821230
437821242
437821241
437821242
437821292
246657070
246657116
246657071
246657116
246658062
246658061
246657071
246658061
246658063
246658064
246658062
246658064
246658066
246657115
246653343
246657091
438428391
246653343
246658065
246658063
246658065
246658066
246657115
3199250668
437823103
218198359
246657135
246657131
246657119
246657070
246657119
437821883
437821292
437821285
437821887
437821883
437822263
246657131
246657135
437822643
437822263
437822260
437822644
437822643
437823100
218198359
218256253
218256130
218256032
218256050
218255890
218256036
437825325
218256036
218256210
218256032
218256203
218256162
218256176
218256123
218256104
213839232
213839187
4658688977
213839205
213839218
4658688976
4658688977
4658688976
213839232
213839237
213839201
213839187
213839201
213839190
213839226
437826134
437819548
213839237
213839226
218256023
218256018
218255994
213839228
213839191
4618578540
218255994
437827688
437827203
218256018
4618578541
4618578540
4618578541
1429941671
213839190
1429941671
218256023
437826721
437826134
437826137
218256061
218256050
437819545
218256162
437824859
218256182
4488816355
218256195
218256207
218256130
218256213
218256226
218256213
437824024
4488816359
437825325
218256235
218256218
218256210
218256218
218256222
4488816357
218256222
218256235
4488816358
218256226
4488816357
4488816358
4488816359
437824024
437823451
437823103
437823451
218256253
437823448
218256167
4922758054
437824859
4922758054
4488816355
4488816356
218256187
218256182
218256199
218256203
218256199
218256187
4488816356
218256195
218256207
218256167
218256172
218256112
213839218
213839231
437823443
437823098
437823100
437823448
437823443
218256172
602884750
602884751
218256112
602884751
218256116
602884749
218256104
602884749
602884752
218256123
602884752
218256116
602884751
602884750
218256176
437819548
437819545
437826137
437826716
218256078
218255902
218256063
218255890
218256063
218256061
218256078
218256090
218256004
218255980
218255961
218255933
32585247
218172553
32585247
218172553
218199000
218172553
437767176
437767178
213792446
32585244
437832535
437767178
437833042
213839296
213792446
213792442
213792430
32585244
213839222
213839195
218255943
213839191
218255943
218255947
213839222
437832189
437828299
218255947
213839228
437831879
437827688
437827686
218256004
218256010
218255985
218255980
218255961
218255933
32585247
438840344
437832535
437832189
438840346
218255933
218255961
437828297
438840350
218255980
218255985
218256010
218256094
218255902
218256094
218256090
437827205
437826716
437826721
437827203
437827205
437827686
438840350
437831879
437828299
437828297
438840346
438840344
437767176
438840335
218198975
218256300
218198975
218256296
218198967
218198941
218198967
218199000
218198967
218199000
438840335
218256296
438840333
218198941
218234960
218198941
218234960
218199085
218256291
438840332
438840333
438840332
218234960
218199085
218234971
218199085
218234971
218235055
218234906
218210979
218198885
218234879
218198885
218210979
218198885
437829544
291483522
218210969
437828958
218210979
218234906
218235055
218234971
218234975
218234971
438227211
218256291
218256305
437830155
213839326
213839262
213792497
213792491
213792486
213792480
213792464
213792459
213816211
213784080
31776974
31777035
31777034
31776975
213792514
213784080
213784064
213816217
213816211
213816212
213792477
213792459
213792514
213792519
31776976
31777033
31777032
31777031
213845759
213783849
213783951
213759784
3644777913
3644777911
1766419095
1192124144
213760059
213760062
213760065
213760021
213760065
355415093
213760062
213760059
213813162
213783913
213783880
213783883
213813122
213813119
213813133
213813122
213813133
213813223
213813138
213813223
213813138
213783877
213813148
213813145
213813148
213813145
213813144
213813142
213813144
213813142
213783926
213783918
213783913
213783909
213783913
213813162
213813157
213783918
213813157
213783926
213783927
213783929
9074583087
1766419095
9074583087
213783927
213783874
213813258
213813255
213783864
213783856
213845729
213845802
213845729
213783936
213783941
213783951
213759784
213759781
985612882
213845780
213845759
1332923648
213845766
31777033
31777034
213783830
4170297575
3954396473
2505177420
213759803
2505177420
1192124184
213759813
1055541343
1192124184
1055541343
3676301732
213759781
3676301732
3954396473
3954396475
213759803
5851503361
7724564496
618527750
213759734
618527750
7724564496
3954396476
213783826
31777036
31777035
213784076
213783826
213784067
4734940924
618527750
4734940924
3954396476
3954396475
213784076
213783830
213845766
213845773
213784029
213845798
213784029
213845798
985612882
213845780
213845773
213845766
1332923648
31777032
31776977
213792523
213792519
213792464
213816210
213792486
213839259
213839253
213792480
213792477
2179679298
213839251
213839248
213816212
213816222
213816217
213816227
213784072
213784060
213792434
213792454
32585168
213792454
213792473
301302043
213792430
301302045
213839195
301302045
301302043
213792473
213792438
213792434
213816227
213816232
213792438
213792442
213839241
213816232
213816222
213839245
213839241
213839296
213839332
213839245
213839332
218198981
213839292
213839248
218198985
213839245
218198985
218198981
218256300
437833042
218256300
437831296
286298260
218256305
4591145450
213839326
213839330
213839266
213792502
213792469
213816205
213792497
213792502
213792469
213800741
213800740
213800735
213760151
31777025
213760151
213760144
213813237
213800733
213813233
213800742
213816201
213800740
213870637
213839273
213839272
213839270
213839266
213792502
213870633
213800741
1412978357
213800720
213792528
213792525
31776978
985848422
985848419
985848422
213760151
213800735
213800720
213792528
213816205
213816209
213792525
213792523
213816210
213816209
213792491
4591145449
213839259
213839339
2296145233
213839253
213839251
213839287
2296145233
213839287
213839300
213839292
213839300
4656560597
437831296
4656560597
4656560600
286298260
4656560600
2296145233
213839339
4591145450
4591145449
213839262
213839266
213839330
213839318
213839272
213839270
213870633
213870637
213870642
213816201
213813237
213800742
4621471045
213870642
213839278
213839277
213839273
213839305
213839313
213839132
4072233825
213870564
437830744
437829546
213839132
4072233826
213839278
213839277
213839313
437828956
218210969
218234892
218210969
291483522
437829546
437828956
437829242
213839318
213839305
213839318
437829242
437830155
437829242
218234892
437829240
218234906
218234912
218235061
218234912
218234915
218235042
218234980
218234975
218235061
218235055
438226387
438227211
438226387
437829240
437828958
437829544
437830759
218234879
218234774
218234879
437830762
218234778
218234774
438840310
437830433
213870565
213870564
213870649
213870644
213813233
213813230
213813229
213870664
213813127
213813132
213813114
213870689
213870526
213813100
213839148
213800743
213839161
213870518
213839170
9731011101
213839120
9731011101
213839120
213839119
213870473
213839169
213839168
213839169
213870459
213870473
213839119
298542591
213839119
213870712
213870546
213870551
213870706
213870712
213870706
213870557
213870551
213870557
213839174
213870522
213839391
213839156
213839152
213839148
213839145
213839384
213800743
213839387
213839152
213870526
213870699
213839156
279305945
213870577
213870572
213870567
213870566
213870565
213870660
213870649
4621471047
4072233826
4072233825
4072233826
4621471047
4621471045
213870644
213870654
213813230
213870668
213813132
213870679
213870672
213870654
213870660
213870675
213870566
213870567
213870684
213870675
213870672
213870668
213870664
213870668
213870672
213870675
213870566
218234758
437816501
213870572
213870694
213870684
213870679
213870689
213870694
213870699
213870577
437816693
278869756
437816503
278869756
437816501
437816693
281741678
281741677
437816503
438839342
218234758
437830433
437830744
437830759
438840310
438839342
437816503
298560515
218225406
218211206
218225406
218234796
218225406
218234864
218234860
218234801
218234868
218234857
218234860
218234857
218225408
438230878
218234778
438230878
218234868
218234801
218234866
218234796
218234774
218234796
218234866
218234864
218225406
298560515
281741677
438840294
218211206
218225481
218211206
218225481
438230920
437818599
437818598
213870594
213870725
213870716
213870546
213878759
4590508889
213870716
213870599
437697304
437695062
213870600
213870608
437694011
438840277
218225575
218225522
218211228
663235392
438840285
437697304
437818598
437818844
213839178
213870525
213870522
213870518
213839387
213839391
213839395
298560510
279305945
298560510
281741678
438112008
437818844
438230920
438840294
438112008
213870582
213839395
213870582
213870525
213839178
213870589
213870723
291483487
291483487
291483487
213870723
213870725
213870716
4590508889
213870732
213870737
213870742
213870608
213870611
213870616
437689948
438840273
218225782
218225622
218225575
218225522
218211228
218225522
663235394
218225522
218225527
218225581
218225659
218225624
218225622
218225575
218225772
218225581
218225772
218225624
218225830
218225793
218225782
218225622
438840275
437694545
213870611
213870743
213870742
213870743
213870747
213878709
213870747
213870616
438304307
438304304
437689948
437694545
437694011
437695062
438840283
438840285
437818599
663235393
218225504
218211228
218225504
218225481
218225504
663235393
663235392
663235394
438840283
438840277
438840275
438840273
438304301
438304299
218225782
438304299
437818291
218225753
218225711
218211134
437865331
437865335
218225711
218225753
438304295
218225812
218225834
218225659
218225834
218225830
218225793
437689417
218225812
438304295
438304297
437689417
438304297
438304299
437818291
437865335
437818291
438840266
438304301
438304304
438311344
438310346
438840263
437865335
437865331
438303195
437865325
438303195
437865331
438840253
438840263
438840266
438311344
438311337
438304307
438304311
9049461047
9049461048
9049461047
438311337
438310359
3440092399
3687376052
438840253
438303186
438303183
438303186
438303195
438303186
438840248
438840246
438840244
438318741
437865317
438318741
438315032
437865325
438313071
438315047
438315032
438318741
438318716
438315047
438318716
438316397
437865317
438840243
438316407
438318751
438840244
438840243
438299901
438299910
437865317
438299910
438299913
438316397
438299913
438302075
438323578
213956983
213962590
213962638
213962590
438840235
213903152
438323564
438302085
438302089
438302092
438299886
438302092
438323558
213903125
438323558
438323561
438323564
438323570
438302083
438302079
438299910
438302079
438302075
438323578
438323574
213962590
438323574
438302079
438323574
438323570
438840235
438301438
213962638
213962625
213962606
213962612
438290680
213962612
8960112746
213962656
213962606
213962625
213962638
213962642
213956983
213962642
438290680
213962625
438290687
438840228
437660296
437867611
8959766459
438332902
8957105087
437856565
437855347
437855345
437855344
437855342
437855341
437855339
437855338
437854943
437854941
215124904
438343162
213986292
437854939
437854941
437854939
437855336
437855338
437854943
437854944
437863344
437860734
437855339
437856622
3391215602
213956951
8955484065
437856589
437855345
437860723
437860721
437855347
878786016
437787997
3621826212
213903343
823567743
1528888349
1528888334
1528888345
1528888341
8957448993
823567743
8957448993
8957105087
8955484065
8963260075
213962684
213956951
213962684
213962656
213962606
438840217
437867611
8983456079
213903366
213903295
8974574605
823567740
823567708
823567740
8957597150
7073487981
8983456079
1766961961
438301430
438301433
438301438
438840228
438290687
438840217
8959864545
8959766459
8957597150
8963127808
8957448993
8963127808
438332902
8963260075
8959864545
213962656
213962684
213962688
8960112746
213962688
3391215602
437856622
6383671825
437855341
437860729
437860727
437855342
437855341
6383671825
6448351074
213956951
6448351074
437855344
437860725
437855344
6448351074
437856589
437856565
437855347
437860721
437863361
438840198
437854948
437788034
438343127
438840193
437854948
437854947
437854946
437854945
437854944
438343154
437864055
437854945
437864051
437860729
437860734
437863344
437864051
437863850
437854946
437863853
437863855
29794126
29794125
29794123
438840190
438840193
438343136
29794125
438343136
437854947
437863355
437860725
437860723
438840198
437863355
437860725
437860727
437863850
437863355
437854947
438343136
437863853
437864055
437864057
437863855
437864057
213948415
29287991
