17052772
17052775
17052778
8622075561
17052778
98425546
8632051681
3313215479
227825521
8622075612
8622075561
227856404
9796317771
110756942
298177521
110756942
2130285315
110756937
98367588
227848865
98367588
6050265324
227848865
9794755299
227848880
8621806250
227848880
5308861798
245488199
245488198
245481291
606288377
3739892584
606288377
606288406
606288408
245481291
606288378
245485117
1843396776
8621966657
4163358846
110744827
9795873012
8621806250
8621806285
9795873012
8621806285
9795913719
6050265324
9795913719
98422970
98422966
4072253881
98422966
8604370337
606288096
98422950
5838823168
607279606
583078007
8604420564
583078007
8613293334
9767985486
605207050
9767985486
8617746345
8617746330
607279632
607279582
607279584
607279551
607279566
607279566
607279566
607279551
607279555
605207018
605207012
605207032
4500062054
245092087
605206991
244201839
8606451357
9770109913
244201847
244201839
244201847
9770112482
245091996
245092155
110735562
605206940
110735562
245092181
245092029
8606451432
245092029
245092155
245092140
245091999
245091996
605206810
605206809
8606451509
8606451579
605206809
9770112482
245091996
245091999
8935199462
1247747126
1247747140
8935199462
1247747140
245354706
245088922
245354779
245354774
245354779
605206667
245354774
3730704599
1247747126
3730704599
245088922
605206669
245354720
245354706
245354720
245354717
1247747090
245092140
1247747090
1247747093
245354717
1247747093
245354836
245354825
245354825
245354825
245354836
245354859
245354899
605206940
245354899
245354931
8604370228
8604332294
98422950
8604332294
9770109898
605206940
8604332270
245354931
8604332270
245354944
245354899
8606907396
245354944
8606907396
8606907478
8606907592
605207012
8606907583
245354955
9770109901
8606719536
8606451432
9770109914
9770109913
9770109914
9770109901
8606719536
245092087
4500062054
605206991
605206970
605207048
8617678750
605207050
605207052
8617678750
605207048
605207045
605207038
605207037
607279626
607279584
607279582
8613661437
8613661436
8613661437
9767985491
8604420505
607279606
5838823168
8604370281
8604370246
8604370228
8604370246
9767975228
8604420564
8604420534
1766876419
8604345226
116346953
116352308
9767959615
8613560324
8613560265
8617779680
8613560324
8613560265
607759155
493879843
245571054
245571048
245571049
493879828
245571048
298551141
298549892
493879828
298551110
298551109
2629942901
298551109
4696828967
298547536
5247010772
298547661
298547653
5247010759
298547653
298547661
5247010772
5247010759
298547640
298547639
298547638
298547630
298547638
298547639
298547640
298547642
298547645
298547642
298547645
298547630
5247010773
298547544
298547543
298547543
298547543
298547541
298547541
298547541
298547539
298547538
298547538
298547536
2629942903
298551492
298547561
298551492
298547561
5247010748
298547560
298547550
298547551
298547552
298547544
298547552
298547545
298547539
298547539
298547545
5247010750
5247010748
5247010750
298547551
716138466
1806698039
1806698032
1806698037
1806698037
1806698037
1806698032
716138495
716138466
716138495
716138476
2629942818
2629942836
2629942827
2629942832
1806698039
2629942832
2963774528
2629942827
2963774528
2629942836
2629942818
2386550434
2386550422
2386550418
5247010773
2386550418
298551486
245571025
5247010703
298551141
298551140
245571054
5247010718
493879830
8617779778
5247010718
8617779780
245571049
8617779780
493879830
9522520195
581056294
245571049
581056294
581056565
298551110
9522381645
298551109
4696828967
9522381645
298551112
298551113
298551113
298551112
298551120
298551121
298551121
298551120
298551130
298551131
298551131
298551130
298549892
298551487
298551486
493879826
298551486
298551487
5247010703
493879855
245571028
245571025
493879853
493879826
606288152
493879826
606288152
493879853
606288114
245571028
493879819
493879820
493879821
6128389409
493879821
493879835
493879836
493879820
606288114
606288149
606288085
6128389409
8615091496
6128389411
8618066766
6128389411
9768147181
8618066767
606288085
606288121
606288106
245571023
245571022
245571019
606288219
493879812
4561695884
110756977
9768147178
8618066776
8618066767
9768147181
8618066776
9768147178
4561695884
110756977
606288203
245471088
8618143010
245471088
1843396777
31410110
245569269
31410110
606801045
606795747
245569290
9659701711
245569283
31410110
8629942499
245569269
5414403439
245569269
1843396779
245471080
110756966
8618142999
8618143010
8619284876
245465138
4332013051
1656948338
245465040
606288173
606288159
8619304516
245465045
245471540
245471544
245465045
8619304516
1656948334
8619303554
1656948334
1656948335
606288173
9779646893
606288159
9779646893
606288082
606288058
245462217
245462197
606287505
606288058
606288082
606288084
245462191
110744798
245462191
245462215
5414248537
5414248206
5414248522
5414248206
5414248208
4376701397
4376701406
8613732771
8613732773
4376701409
245462197
245462213
245462213
245462197
4376701409
4376701406
4376701397
5414248523
5414248522
5414248540
245363821
245354865
245354864
245354859
245354869
245354861
4581427781
605206668
605206667
4143340374
605206668
4581427781
245358037
245354861
245354869
245354864
245354865
245363821
5414248540
5414248523
5414248208
5414248537
245462215
245462217
606288084
245465040
1656948338
1656948335
8619303554
4332013050
4332013051
4332013050
8619276544
8281251599
8621804646
245476521
245476552
245476550
245476523
245476521
8621804646
9780449166
245476552
245476550
245476547
245476525
245476523
245476525
245476528
245476545
245476547
245476545
606288241
606288237
245476528
245476559
245471540
245476559
1656948283
245472898
606287636
606287686
606287636
8762971629
9794757449
245474355
634770777
245474360
116346934
116346933
8762156000
116346933
8762698429
9779752122
244968732
245488213
245488208
245476581
245472915
606287666
4065624310
8764678627
606287669
8764672773
8762971629
8764672773
8764678635
245471544
8764678635
606287669
606287686
8764678627
4065624310
606287649
606287653
606287643
606287642
606287642
606287643
606287653
606287649
1647986917
606287666
1647986917
606287653
8764385237
4065624311
245472915
4065624311
606287620
606287623
606287623
606287620
244968732
9779752122
8762156000
9779742603
606287855
606287870
606287871
606287643
606287871
245476592
245476595
245488204
245488205
245488208
245488205
245488200
7412747127
2437837675
606287934
606287934
2437837675
245488204
245476595
8764310533
245476581
1651087968
8764310533
1651087968
245476592
245476535
5422293784
8764819444
245488210
245472898
245488210
8762818286
245488202
8629204060
8764819448
5422293784
8764819444
8764819448
8629204060
245488199
5308861798
8629204080
9794755299
8629204080
245488202
8762818286
245488212
9794757449
245474355
1657372890
634770777
245474360
8615977618
116346934
8615977618
116346943
116443132
8613157821
110744798
9768147172
606288096
8604370337
8621806124
9780449166
8621806124
110744815
606288336
606288249
606288248
606288334
245488198
606288376
606288336
606288249
4330550660
606288244
606288241
606288240
245476535
606288238
606288237
1656948298
1656948283
1656948298
606288238
606288240
606288243
606288244
4330550660
4330550659
606288243
4330550659
606288248
606288334
606288336
606288376
606288378
3739892584
4163358846
110744827
245485132
4072253881
245485107
110744815
245485107
9796400250
245485117
9796400250
1843396776
8621966587
245485132
8621966587
8622223673
1843396775
245485094
9662865854
245481313
4590890642
245569282
245569270
245569271
245569283
245569282
8629942499
5414403439
606785162
606966278
2777811263
8622071716
2777811263
9796317778
110756956
110756955
110756949
8604402243
17052789
8604402231
110756966
245471080
8619271086
8619276517
8604370306
606288097
9768147172
606288097
245465138
8619284876
8619293734
8604370306
8619293734
8281251599
8619276544
8619276517
8619271086
9768147179
8618142999
9768147179
606288203
8604345229
8604345218
8604345226
116346953
8604420559
116346943
8604420559
8604370283
8604370281
8604370283
8613157821
116443132
1766876576
9770112551
17052796
116474772
8606907543
245354955
8606907583
8606907478
8606907592
8606907543
116474772
9768147163
8604420534
9768147163
8604420505
9767985491
8613661436
9767985487
8617746345
9767985487
8617746330
607279632
607279626
607279608
605207062
605207018
607279555
607279608
605207062
605207037
605207038
607759156
605207038
4686563252
605207032
4686563252
605207045
607759155
607759156
493879842
298551140
493879855
493879841
493879804
493879805
8617746405
493879805
493879808
493879842
493879843
493879842
493879808
493879804
493879841
493879851
493879819
493879851
8617746447
493879852
8617746400
8617746405
9767985470
9767959615
9767985470
8617746400
493879852
8617746484
8617746447
8617746484
9767985449
8616050638
493879836
8616050638
9767985450
9767985449
9767985450
8615970407
493879835
9767985459
8615970407
9767985459
8618066766
8604420524
1766876419
8604420524
1766876576
9770112551
8604345218
8604345229
17052789
8604402243
227856404
9796317771
8621966396
298530302
8621966393
110756949
110756955
8621966651
8621966657
8621966651
1843396775
9662865854
245485094
8621966393
8621966396
298530302
606288330
245481313
606288330
486848935
298528179
298528173
298528168
298528165
298528168
298528165
477364670
298528162
298174510
477364763
298176694
298176692
298176684
298176695
298176684
298176685
298176689
298176687
298176685
298176687
298175340
4625163311
298175339
298175338
298175337
298175360
298175337
298175354
298175353
298175350
298175346
477364672
298140017
298140018
298140062
298140063
298140042
298140041
298140017
4592641911
298140016
298140040
298140039
298140023
298140024
298140023
298169990
298169993
298169933
298169927
298140016
477398844
477364672
298175346
298175347
298175350
298175347
298175338
298175344
298175343
298176664
298176658
298176658
298176658
298176664
298175342
298176720
298176717
298176720
298176717
298176713
298176692
298176694
298176695
298176706
298176706
298176695
298176696
298176697
298176696
298176697
298176698
298176690
298176689
298176690
298176671
298176665
298175340
298176716
298175342
298528120
298528117
298528088
298176713
298176716
298176713
298528088
298528099
298528102
298528130
298528117
298528120
298528130
298528102
580368350
298528099
580368350
298175343
298175379
298175369
298175379
298175376
298175344
298175376
298175369
298175362
298174509
298178372
298178364
298178374
298178374
298178374
298178364
298178372
298174509
298175363
298175361
298175362
298175361
298175360
298175354
298175353
298175358
2130282101
298169923
298169927
298169923
2130282096
477398846
298169933
298169932
298169931
298177540
2130282304
298177538
298177519
298177510
298177502
298175363
298175425
298175428
298175425
298175428
298175358
493016799
298177503
298177502
298177503
298177510
493016799
298175358
2130282101
298169923
2130282097
477398844
2130282097
2130282101
2130282096
477398846
5249511606
298169932
298169941
298169940
298169938
298169931
4332066066
298169909
298169907
8622075637
8622075612
8622075637
110756937
2130285315
298177521
298177538
2130282304
2130282301
5249511606
2130282301
298177540
4332066065
298169907
4332066065
4332066066
298169909
298169913
298169937
298169957
298169937
298169938
298169940
298169957
298169952
298140025
298140024
298140052
298140034
298140025
298140024
298169944
298169941
298169944
298169993
298169990
485798862
298140023
485798862
298169927
485798862
298140039
298140040
298140041
298140042
298140043
298140044
298140043
298140046
298140044
298140054
298140036
298137801
298140028
31243749
29217078
581020654
246283621
246283619
33588903
215062690
215062651
215062640
31243751
215062655
215062651
215062647
215062641
215062640
4344285536
33588902
215062546
215062563
580368405
215062603
215062609
31243748
33588898
29583134
246283755
29583134
4330900462
298544011
5245638587
246284656
4065691422
246284656
4065691418
298543993
227784559
215062630
33588901
915136524
215062641
215062643
215062743
215062643
227778652
227784559
246283747
215062630
581020692
227778652
298544001
298543993
227784559
246283747
246283755
215062619
215062614
33588898
31243748
472502195
246285214
246283579
4342896267
246283524
246282792
246283577
4342896267
246283577
4599752656
246284670
471542719
246284670
478435894
246285206
246285206
478435894
471542719
468140156
246282787
246282785
246282358
246282789
246282787
246282785
4500347058
476569690
246282784
246285346
246285323
246285322
246285302
246285303
246285293
246285287
246282363
424004581
246282353
4502314591
246282354
246282364
4502314589
4502313085
246282364
4502313086
4502313080
246282363
424004581
424004583
401364813
9524636151
424004583
424004585
246282353
424004585
246100012
246099989
9524274938
246099989
456661584
456661583
8660702733
8503242865
9524636151
8503242865
456661583
246100012
9524274937
246283500
4616272854
246283492
246283490
4616272855
471957075
246283409
246283410
246283411
4500405524
246283489
246283563
246283411
246283554
246283481
246283480
246283479
246283478
246283477
246283527
9807062888
246283478
246283552
246283551
246283479
485797216
246283548
2972424632
246283483
246284697
246283484
246283486
246283484
246283486
246283523
246284690
246284689
246283523
246284702
246284698
246284697
246284698
246284699
246284695
246283522
246283521
246283558
246283481
246283480
246283553
246283551
246283552
472423247
4578848412
246283501
246283445
246279626
9524235011
4344195548
4344195546
246279626
9524235010
246279628
246283360
246283359
246283358
246283357
246283356
246283378
246280412
246279629
4344195538
9523114585
4344195535
245571046
9523114596
246279629
4344195541
3705936595
246279628
9524235010
9524235011
4344195548
9524274854
246279619
246279616
246279615
246279614
9524274876
9524274937
9524274938
9524274876
246279614
246283539
246283513
246283504
476558830
246279615
246279616
476558830
246283504
246283505
246283512
246283497
246283501
4344195546
9524274841
246279619
9524274854
9524274841
246283497
4578848411
4578848412
4578848411
246283493
246283489
246283493
246283509
246283512
246283509
246283508
246283505
246283508
4518691766
246283516
246283513
246283539
476558856
246283500
4616272854
4616272852
246283518
246283516
4518691766
246283518
4616272852
246283492
2934287681
2934287678
2934287678
2934287681
5217188836
5217188836
2934287681
246283490
4616272858
4616272855
4616272858
4518691760
246283561
246283563
246283561
4518691763
4518691760
4518691763
246283410
246283555
246283554
246283553
4500405524
472423247
9803519300
246283416
480627426
246283371
246283373
246283375
246283377
480565592
246283377
246283419
246283418
480627426
246283418
246283417
246283416
9803519300
246283445
246283367
3705851608
246283367
3705929238
246283362
3705929238
246283362
246283361
246283360
246283361
246283433
246283434
246283433
246283439
246283359
246283439
246283426
246283425
246283358
246283357
3705936595
4344195541
4344195538
9523114585
9523114588
4344195535
4500104045
4500104035
4500104048
1247647284
486090528
486090476
486090478
486090480
486090490
486090485
486090476
486090528
486090487
486090478
486090485
486090490
486090540
5225396373
486364357
3225586640
486364251
486363116
486363132
486363116
486364251
486364258
3225586634
486364258
3225586634
486363163
486363132
486363163
486363446
486363446
486363446
486363163
486363583
486363550
298549870
486363555
9522418014
486363016
298549924
486090579
9522441209
486090580
486090491
486090487
486090491
486090480
5225396376
486090580
486090591
298549924
1228660920
716014210
716014125
716011813
716012035
486533910
31393657
1843396778
606288272
31393655
6671424040
606288130
245571023
606288130
606288121
606288149
606288140
606288130
606288140
606288152
606288140
6671424040
31393655
606288285
486533910
606288285
31393657
31410090
716012036
245569294
245569292
245569291
245569293
245569291
4749908596
606796428
245569289
245569271
245569289
9659701710
245569290
9659701711
9659701710
245569289
606796428
298541222
298541213
298541215
298541205
298541197
298528162
298528205
245569271
298528205
477364671
298528201
298528187
298528186
298528187
298528186
298530295
298530299
298530295
298530299
298528185
298528183
298528185
298528183
298528179
298528224
298528221
298528224
298528221
298528201
298528264
298528265
298528173
298528265
298528264
298528201
477364671
298528205
298541193
298541195
298541197
298541205
479993578
479993593
298541236
298541193
298541236
298541244
298541195
298541244
479993593
479993578
298541213
298541215
298541217
298542230
298542218
31242491
29217083
29217082
29217075
581020633
29217075
581020614
29217073
246283590
658977071
581020620
29217073
581020609
298136488
298136466
477364810
298136466
298136468
298136484
298136468
298136471
298136484
298136472
298136471
298136472
298136475
298136477
477364680
298136477
298542175
29217082
4366364704
29217082
298542175
477364679
298542174
298542172
298542171
298541217
298542171
486838391
298542176
298542174
298542172
298542218
4365908801
31243457
31242491
4366364704
477364679
477364680
477364681
298542184
298542202
298542198
298542176
298542198
298542202
298542184
298542182
486838391
298542182
298542221
298174510
298542221
2130282100
298542221
477364682
29598757
298542185
298136477
298542185
477364681
477364682
477364683
477364669
29598757
298137814
298136466
298137814
477364802
298137788
298137783
298137781
298137780
298137779
298137774
298137776
298137777
298137776
298137793
298137794
298137780
298137781
298137794
298137793
298137777
298137778
298137785
298137786
298137787
298137783
298137788
298137806
298137787
298137806
298137805
298137801
298140028
298140033
29217078
215062535
29217080
581020581
9049452804
29217080
298140026
29217080
298140026
298140025
298140026
298169962
298169964
298169965
298169967
298169968
298169970
298169952
298169970
298169968
298169967
298169965
298169964
298169962
298140026
298140029
298140030
298140029
298140030
298140032
298140034
298140036
298140033
298140032
215062535
29217080
8632051920
227761294
581020588
581020581
581020600
246283750
215062743
215062737
580368312
580368312
580368312
215062737
215062733
215062686
215062541
33588903
33588904
33588903
215062541
246283620
215062541
246283623
246283628
246283624
246283623
246283624
215062733
215062686
215062647
215062686
215062690
215062696
33588904
246283629
246283630
215062668
479079738
33588904
479079738
215062696
215062655
215062659
33588900
31243751
915136521
215062546
3705127905
215062548
32582567
915136520
33588897
215062664
215062715
215062714
215062675
4502491792
9656053854
5268999410
4502491792
5268999410
246283593
215062680
479079138
246283589
246283465
246283464
246283463
246283461
246283383
246283528
246283383
4330672236
4330672238
4330672236
4330672238
4330668772
4330668775
4330668772
4330668775
9649000782
1849279244
480455583
4331950929
4331950930
1849279244
1849279245
9649000746
480455583
9649000746
9649048464
493881793
5743311159
298561482
298561483
298561484
4376756816
298561482
5743311159
9649048464
2482291518
1849279245
9649000781
6010972967
246280415
246280412
246283354
2020684172
493881793
9649048471
2482291518
9649048471
246283354
9523114591
9523114596
9523114591
245571046
4500104061
4500104045
4500104048
1247647284
1247647243
486090527
486090528
486090527
9522453869
9522441209
9522453869
9772590383
486090579
486090591
5225396377
5225396374
5225396373
5412368812
5207426623
5207426622
248403906
5281026013
248403902
248404065
248405133
248405134
248405136
486493261
248405136
248405139
248405370
248405134
248405370
248405361
248405177
248404694
248404073
248403893
486056157
486056125
248403902
486056125
486056157
248403893
248403892
248404074
248404622
5413943142
248404622
5413943142
5413943153
5413943144
248405495
485850699
248404852
248406986
248406811
248406810
248406689
248406881
248406810
248406881
248405001
248405497
248405496
5413943148
5413943152
5413943150
248405495
5413943144
5413943142
5413943144
5413943150
5413943152
5413943153
5413943148
248405496
248405497
248405001
248406930
485850699
248406930
248406811
248406986
248404853
248405140
248405139
248405140
248405199
248405361
248405199
248404852
248405177
248404694
248404622
248404074
248404076
248404578
248403892
248404578
248403890
248403616
248403615
248403614
248404489
248404488
486056182
248404076
486056182
486056218
248404488
486056218
248404077
248403615
248403727
248403616
248403890
248404077
248404076
248404074
248404073
4590824337
248405133
4590824337
248404065
486493303
486493288
486493261
486493648
486493337
486493239
486493227
486424157
486424135
486424128
486424117
486424047
486424377
486424379
486424377
486424510
486424465
486424379
486424390
486424047
486424390
486424723
486424596
486424671
248404060
5207426625
5207426623
5207426625
486424596
486424671
486493594
486424474
486424502
486424510
486493217
486424135
486424157
486424416
4017589635
486493433
486493239
486493433
5207429066
486493337
5207429066
5207429067
4017589635
486424416
486424420
1843397031
486424268
486424128
486424268
486424287
486424117
486424287
1843397031
486424420
486424135
486493217
486493227
486424502
486424474
486424465
5207429062
486424596
5207429062
486493594
486493582
486493648
486493582
486493288
486493303
5281026013
248403906
486493530
486493303
486493530
248404060
5207426622
5412368811
5412368812
5412368811
486090540
5225396375
5225396374
5225396375
5225396376
5225396377
486090591
486363008
486362955
486362955
486363008
486363016
9522418014
486363016
486363008
486362817
486362823
486362823
486362817
486363850
486363860
486363860
486363850
298549870
486363593
486363583
486363593
486363642
486363622
486363642
486363707
486363707
486363707
486363642
1843396906
4488952847
581056565
298551110
1843396909
1843396906
4488952847
1843396909
2629942901
486363622
2629942901
486363622
486363555
5532163726
4129030601
2629942877
2629942881
9686129090
2629942881
9686129090
2629942903
3698439947
4129030601
3698439947
298547567
298547558
298547550
298547560
298547558
716138710
716138633
5247010795
298547567
5247010795
1228660920
716014210
9772590383
716014210
2065451554
298560768
3752756433
3752756434
2934336593
2934336588
2934336598
2065449372
2934336602
2934336562
2934336621
2934336569
2934336574
2065451554
2934336580
2934336574
2934336580
2934336562
2934336602
2934336621
2934336569
5217235136
2934336588
2934336593
5217235136
2065449372
2934336598
2934336613
2934336609
2934336613
2934336618
2934336609
3426884464
4739777512
3426884464
3426884466
3426884475
3426884466
4343394529
4739777512
4343394529
3426884463
1247647243
9523114548
4500104061
9649053421
2020684172
9649053421
9523114548
1247647243
3426884463
4815907770
4815907768
4739777519
4739777518
4739777519
4739777518
7077707210
5175739643
4815907768
7502057291
7502057296
7502057291
7502057296
7502057290
4815907770
7502057290
5175739643
7077707210
3426884475
2934336612
2934336618
2934336612
3752756434
3752756433
298560765
298560749
298560750
1228660937
298560750
298560751
31243105
31243104
1766803120
1766803120
31243104
298560755
298560752
298560751
298560762
298560761
298560759
31410114
31242531
31242530
59892770
31242530
3752756430
31242523
298561510
298561493
59892751
31242498
29217089
31242498
29599057
31242627
29217092
31242628
29217092
29599058
31243405
31242531
31410114
3752755908
31243405
3647600917
716011812
3647600931
4053732235
31410090
4053732235
716012036
716011812
9659669646
3647600917
9659669646
245569293
245569294
245569292
606798145
606795747
606796428
298541222
4365908791
298542230
4365908795
4365908801
4365908795
4365908792
4365908791
4365908792
4365908789
298541222
4365908789
4749908596
606798145
606802227
606801045
4332065305
4331917493
606288268
606288219
606288108
493879812
606288106
606288108
245571022
245571019
606288267
606288272
1843396778
606802227
4332065306
4331917494
4331917493
4332065305
4332065306
4331917494
606288267
606288268
1843396777
1843396779
6151696429
8622075465
8604402231
8622075465
9780449172
6151696429
9780449172
8622071716
9796317778
110756956
8621966581
8622223673
8621966581
4590890629
4590890637
606785162
4590890637
4590890642
4590890629
245481313
8629797570
245569270
4625168023
8629797570
4625168023
477364671
477364670
477364763
2130282100
477364683
4592527505
477364684
4592527503
477364685
298137774
4592622644
298137784
298137778
298137784
298140047
298140046
298140047
298140066
298140065
298140066
298140068
298140069
298140062
298140063
298140069
298140068
298140065
298140019
477364686
477364675
298176669
298176665
298176671
298176669
477364675
298176683
298137784
298140078
298137801
298140078
298140054
298140052
298140041
4592641911
477364672
477364674
298140018
298175345
4625163313
298175345
477364676
4625163309
477364674
4625163309
4625163310
298175339
4625163310
477364676
4625163312
4625163307
4625163311
4625163307
4625163308
477364686
4625163308
4625163312
4625163313
298140019
298176683
4592622644
477364675
477364685
4592527503
4592527504
298176698
298176699
298176699
298176698
4592527504
4592527505
4592527504
477364684
298137779
477364669
477364802
477364810
477364673
298136488
581020609
581020614
29217075
9649232653
29217085
581020638
246283384
4365908826
246283384
4330838054
4330838057
4330838054
4330838057
246283464
246283469
246283546
246283535
246283469
246283470
215062666
29217072
246283586
33588897
9556996479
215062715
9556996479
9656191515
581020676
581020678
33588900
9649660685
479079057
215062659
215062705
215062668
479078986
479078899
246283630
246283632
246283633
246283629
246283633
581020642
31243749
215062637
581020617
246283632
479078863
479078899
479078986
479079021
215062705
479079021
479079057
9649660685
9656191515
581020676
915136520
915136497
246283586
246283587
215062664
215062709
215062680
246283593
4599545727
246283595
246283465
246283470
9656011770
246283589
479079138
4599545727
4599545728
246283595
581020631
581020611
581020620
581020631
581020611
581020633
581020638
4365908822
4331950930
4331950929
9648852534
4365908819
4365908806
31243457
4332033846
31243426
31242310
31242311
31243427
31243426
31243427
31242495
4592125052
31242311
31242490
298562007
298562000
298561997
298561990
29217089
298561984
59892751
31242498
31242497
31242495
31242625
31242495
298562004
298561990
31242497
31242625
31243109
29599058
31243109
31242628
29599057
31242627
59892756
31242531
59892756
59892751
59892756
59892770
3752756430
298560749
298560765
298560774
1228660919
1281879447
2095367039
2095367037
298560768
2095367037
1228660937
716014125
1810272078
5247010776
716138476
5247010776
1806698051
1806698048
1806698056
1806698053
1806698051
1806698048
1806698061
1806698056
1806698061
1806698063
5250453018
716138710
716138633
1806698065
1806698059
1806698053
1806698059
1806698065
716138633
4129030600
1228660920
4129030600
1810272078
716012035
4332076208
4053732235
4332076208
4332076209
716011813
4332076209
3647600931
3752755908
298560764
31243105
298560764
298560763
298560762
298560763
298560761
298560759
3752756430
31242523
298561509
298561480
298561493
298561510
298561509
298561494
298561492
298561489
298561490
298561489
4376756819
298561486
4376741925
298561486
4376756816
298561482
298561496
298561494
298561496
298561498
9649048497
4376741925
4376756819
9649048497
298561486
4376756816
298561484
298561501
298561483
298561501
298561498
298561500
298561490
298561491
298561500
298561491
298561492
298561480
298561984
298561988
298561992
298561993
298561992
298561993
298561996
298561990
298561996
298561997
298562000
298562004
4592125052
298562007
31242490
31242310
4332033848
4332033846
4332033848
4365908806
29217083
9648994935
9649232653
9648994935
29217085
4365908820
4365908819
9648852534
4365908820
4365908822
4365908826
246283528
246283463
3705936594
246283460
246283419
246283460
246283467
480565588
246283467
480565588
480565592
246283421
246283462
246283381
9649000780
9649000781
9649000782
9649000780
246283381
246283380
6010972967
246280415
485767053
246283378
246283356
480627412
480627405
480627412
480627405
246283423
246283422
246283380
485767053
246283423
246283425
246283426
246283440
246283441
246283371
246283449
3705851607
246283449
3705851608
3705851607
246283434
246283441
246283440
246283427
246283373
246283427
246283431
246283375
246283431
246283422
246283421
246283462
246283461
246283460
3705936594
246283530
246283471
246282794
7892137091
215062551
31629083
580368408
246283582
472502196
215062603
215062609
215062614
915136595
215062560
33588901
485767131
33588902
4344285536
915136524
581020692
915136524
4344285536
915136521
581020678
215062548
215062568
215062556
32582567
449080997
215062551
915136518
29217072
246283532
9656011683
246283531
246283530
3705936594
246283546
246283535
246283531
246282794
246283544
246283536
246283527
246283541
246283471
3701004349
246283417
3701004349
246283542
246283477
246283542
246283541
246283544
246283536
4331898528
31629083
246283538
29583132
246284694
246283537
246283536
246283537
9807062888
485797216
246284693
246283550
246283483
246284696
246284695
246284696
2972424733
246283522
246284687
246283569
246283566
246283569
246284691
246282792
246284686
246285157
246284686
9654531656
246282791
9654531655
246285159
246285158
246285155
246284691
246284690
246284701
246284702
246284701
246284700
246284699
246284700
493900081
246284687
246283570
246283521
246283568
246283564
246283565
246283567
246283565
6003604875
246283557
6003604875
246284672
246283407
246283406
471953352
246283573
246285180
246283573
246284678
246283572
246283571
246284677
246285181
246284677
246285179
2972424954
246285153
246283569
246285153
246285155
246285157
246285158
2972424954
246285179
246285177
246285170
246285169
246285167
246285159
9654531655
9654531656
4599752656
4599752655
246282787
468140156
468140176
468140176
468140176
468140156
471542719
4599752655
246282791
246285166
246285165
246282789
4577350630
246285173
246285163
246285162
246285160
246285174
246285173
246285170
246285173
246285174
246285165
246285166
246285167
246285160
246285164
246285162
246285164
468445494
469052507
469052508
246285163
469052508
469052507
468445494
246285169
246285175
246285159
246285175
246285177
246285180
246285181
246284679
246284678
246284679
246283572
246284680
471953351
471953352
471953351
246284680
246284673
246284672
246284673
246283571
246283566
246283570
246283566
246283567
246283568
246283564
471953349
246283556
246283409
5217188850
246283407
5217188850
246283557
471953349
246283556
246283555
246283558
2972424733
2972424632
4330827454
469065095
246283481
469065095
4330827453
4330827451
4330827452
4330827454
4330827452
4330827453
4330827451
246283548
246283550
246284693
1344093168
246284694
246283537
4331898529
4331898528
4331898529
246283538
3705958573
246283580
29583132
4342881587
246283524
246284689
246283524
4342881587
246283579
246283580
476562478
3705958573
246283582
3705958573
476562478
472502195
472516614
472516615
472516615
472516615
472516614
472502196
580368386
215062568
3705046812
3705127905
3705046812
215062563
485767107
485767131
485767107
215062560
485767100
485767219
215062619
485767219
485767213
485767100
485767213
915136595
580368405
580368386
580368408
246283584
215062556
246283584
449080997
915136497
915136518
7892137091
915136518
29217072
215062666
246283587
246283591
9656011770
246283591
215062709
215062714
215062675
9656109303
4599909203
581020618
581020625
4502491803
658977071
4599545728
9656053868
6700781300
4599909203
9656109303
9656053854
9656053868
6700781300
4502491807
4502491803
4502491807
581020625
246283596
246283590
477364811
298137807
298137805
477364673
477364811
298137807
215062637
9647399296
246283596
9647399296
581020618
581020617
581020642
581020654
581020570
215062535
581020570
246283622
246283620
246283619
246283621
246283622
246283620
246283622
581020570
581020584
246283628
581020584
9049452804
246283750
581020600
581020588
227761294
246283772
3622499431
31243663
3313262022
3313262006
4065691418
4065691419
298544001
4065691419
3313262007
32582952
227778642
8632051920
227778642
2133239441
3313215479
8632051681
4065660814
3622499431
246283772
8630521161
2133239441
8630521161
3313262007
3313262006
3313262022
4065691415
4065660814
4065691415
5281042258
473370011
5281042258
4109587564
4065691425
4065691422
4065691425
4109587564
473370011
1843993868
4810585640
8632391124
246285221
246285220
246285252
246285253
246284660
246284659
5245638587
246284659
246285258
246285257
246285221
246285220
3700802582
17052772
3659066745
3659066778
246086844
8658774766
282043188
246285440
246285419
246285412
246285404
246285406
246285407
246285411
246285412
246285404
8658742607
246285401
246285402
8658742607
246285401
282041607
282041533
282043188
282041533
282041604
6139605437
246285419
246285412
6139605654
4344307274
6139605654
4344307275
246285406
246285415
246285416
4500365985
246282762
476569643
476569647
476569656
246282784
3698496211
246282358
5991808702
246282357
246282369
4502327405
246282368
246282356
246282355
246282354
4502314591
4502313086
4502313082
4502313080
4502313082
246285328
4502313087
246285310
246285332
246285287
246285293
246285338
246285316
246285315
246285314
246285313
246285312
246285310
4502313087
246285328
246285332
246285334
246285312
246285375
246285376
246285377
246285367
246285364
246285353
246285351
246285322
246285344
246285303
246285302
246285318
246285316
246285318
246285363
246285351
246285363
246285360
246285359
246285360
246285359
246285315
246285337
246285336
246285314
246285355
246285353
246285364
246285388
246285390
246285388
246285390
472542205
246285367
472542205
246285325
246285323
246285325
246285348
4674585572
246285325
4502327405
4502327406
246282357
4502327406
246282356
246282368
486502345
246282355
486502345
4502313085
4502314589
4502313087
4502313079
246285375
4502313079
246285376
246285377
246285385
246285355
246285385
246285313
246285335
246285334
246285335
246285336
246285337
246285338
246285340
246285318
246285340
246285303
246285344
246285346
4674585572
246285348
246282369
3698496211
4500347058
2490486023
2490486019
2490486023
4500347057
246282785
4500347057
2490486019
246285415
4500365986
476569670
476569656
476569670
4500365986
9654443365
476569690
9654443365
476569670
476569643
4500365985
246282762
246282758
476575724
246285416
246285407
4344307276
4344307275
4344307276
4344307274
246285411
246285428
246285419
246285423
246285428
6139605865
246285423
246285440
6139605437
282041604
282041607
246285216
246285226
3700802582
246285226
4332227369
4332227370
246285216
246285232
246284665
246284664
246284663
4333578873
4335029148
4332227369
4335029148
4335029150
4332227370
4335029150
4333578874
4333578873
4333578874
246284664
246285215
246284665
246285215
246285229
246284663
246284662
246285276
246284662
246285274
246285271
246285274
246285271
246284661
246285275
246285277
246285267
246285277
246285278
246285269
246285267
246285268
246285269
246285278
246285276
246285275
246284661
246285255
246284660
246285255
246285254
486516004
246285253
246285261
246285259
246285258
246285257
246285260
246285259
246285261
246285262
246285260
246285262
246285252
246285263
486516004
246285263
246285265
246285256
246285254
246285256
3700802582
17052772
