218198366
4474456989
246658123
246658120
246657082
246658072
246658075
246658067
246653310
4474457153
246653311
246658068
4474457152
246658067
246658075
4474457151
438124871
246658068
246658069
246653312
246653311
246657624
246653316
246653224
246653223
246653222
246653221
246657550
246657551
246657553
246657574
246657554
246657555
246657571
246657555
2248961141
246657554
246657574
246657571
246657558
246657559
246657558
246657567
246657553
246657567
246657565
246657561
246657563
246653223
246653222
246657627
246657563
246657627
246657565
246657561
246657559
246653320
246653224
246653320
246650253
246650167
246650163
246650156
246650231
246657616
246657620
246657615
246650246
246650154
4516791319
246657615
246657620
1448470074
4516791319
1448470074
2248961167
246657616
2248961167
246650156
246653349
246653351
246713488
246713474
246713425
246713479
246713424
246713420
246713460
246653328
246653326
246653325
246650167
246650169
246650275
246650169
246713403
246713406
246713407
246650171
246650169
246650171
246650174
246650248
246650275
246650253
246650282
246650231
246650282
246650163
246713483
246713481
246713480
246713424
246713480
246713491
246713489
246713491
246713489
246713483
246713485
246713481
246713485
246713488
246713474
246713479
246713425
246713471
246713459
246713420
246713460
246713461
246713457
246713454
246713451
246653330
246713443
246713445
246713444
246713445
246713444
246713440
246713416
246653328
246713462
246713461
246713462
246653330
246653333
246713442
4070377449
246713443
4070377449
4070377448
246713442
4070377448
246713440
246713416
246713414
246658039
892643569
892643568
225061889
892643568
225061889
1756028733
225061889
4051954617
246658033
8929146509
246650286
246650180
246650176
246650174
246658085
246713438
246658085
246713407
246713406
246713438
246713405
246713404
246713403
246713426
246713435
246713427
246653325
246653326
246713428
246713427
246713432
246713431
246713428
246713431
246713430
246713414
246713430
246713433
246713432
246713433
246713434
246713436
246713434
4070377423
246713435
4070377423
4070377424
246713426
4070377424
246713436
246713404
246713405
303687996
246658039
303687996
4051954617
892653768
246650176
892653768
246650180
246650181
246650277
246650286
246650269
246650248
246653313
246653312
246653316
246657624
4474457154
246653221
4474457154
4474457153
4474457152
4474457151
438124871
246658074
246658124
246658074
246658122
246658072
246658122
246658120
246658123
4474456992
4474456989
4474456992
246658124
4488816373
437823106
4488816367
218198379
218198389
246658101
246658096
218198379
4488816367
4488816373
4488816364
218198366
4488816364
437823106
3199250507
303688021
437824513
218198626
218198621
218255908
303688033
218255917
438111986
303688033
438111986
218198621
218255867
218198673
218198659
218198654
218198645
218198640
218198626
437824513
3199250682
218198389
1765552495
218198446
218198450
218198446
3199250511
218256160
218198640
218198645
218198654
218198659
218255858
218256160
4516791311
218255858
4516791311
4516791315
218198450
246658125
218198486
246658131
246658100
246658102
246658099
246658096
246658101
246658102
246658103
1765465217
1756028740
246658033
246658111
246658095
246658111
246658114
1765465224
246658114
246658119
246657632
246658119
1765465224
1765465227
246658082
1771623416
246658078
8929146509
246658078
1771623325
246658071
246653314
246650269
246653314
246653313
246658070
1765465230
1765465227
1765465230
246658082
1771623416
1771623325
246658071
8929247897
246658070
246658069
246657632
1765465219
438124871
1765465219
246658087
1765465204
246658087
1765465204
246658095
246658108
246658109
246658109
246658108
1765465199
246658099
1765465199
1765465217
1756028740
1756028733
1756028740
1765465217
246658103
246658131
246658125
218198486
218198612
3199250723
3199250699
218198486
3199250699
3199250723
4051954651
246660877
4561970391
246461193
246660857
246660864
246660854
246659264
246660852
4110284371
246660707
246660722
246660718
246660722
246660718
246660706
246660702
246660726
246660702
246660704
246659267
246660704
4110284383
246660706
4110284383
4110284371
5298621586
246660858
246660869
246660856
246660854
246660867
246660869
246660867
1258745020
246660870
1258745020
246660870
246660858
246660876
246660874
246660876
246660874
246660862
246660856
246660862
246660864
246660857
3199250747
246658383
246658382
246658380
246658378
246658376
246658370
246658369
246658368
3199250901
246659282
246659281
246659279
246659277
246659275
246659274
246659272
246659271
246659270
246659267
246660724
246660723
246660728
246660726
246660724
246660723
246659270
246660735
246660688
246660738
1765620907
246660738
3199250893
246658370
4004584231
246660807
246660806
246658376
3199250875
3199250868
246658378
246658380
3199250757
246658380
246660850
246658382
3199250748
3199250747
8503228747
3199250723
8503228747
4051954651
8503228747
3199250747
3199250748
4044963102
3199250748
3199250757
3199250868
246660741
246660752
246660753
246660755
246660747
4110285090
246660741
4110285090
4044963102
5298621586
4044963102
5298621586
4110284371
4110284383
5298621587
246660747
5298621587
246660750
246660758
246660757
246660756
246660753
246660755
246660756
246660757
246660763
246660752
246660763
1765620907
246660758
246660750
246660735
246660688
246660690
246659306
246659303
246659302
246659282
246660799
246659281
246660799
3199250906
246660798
246658367
4656651153
2605525324
246658359
246658360
2605525329
2605525325
2605525324
2605525325
2605525329
246658360
4553879097
4553879089
246713176
246713177
246713175
246713183
246713176
246713177
246713183
246713176
4553879089
4553879095
246659326
246659325
246713107
246713119
246713111
246713106
246659284
246659283
246658368
246713105
246660798
246713105
246713109
246713106
246713111
246713110
246713109
246713110
246713118
246713108
246659324
246713173
246713168
246659325
246713168
246713174
246713173
246713174
246659324
246658367
3199250908
246659321
1258718781
246659321
1258718781
246659320
246659319
246659310
246659309
246659277
658977410
246659306
658977410
246660689
246660685
246660689
246660690
246660686
246659271
246660686
246660685
246659275
246660682
246660656
246659274
246659272
246660766
246660658
246660656
246660682
246660643
246659309
246660792
246660788
246660779
246659279
246660779
246660788
246660789
246660769
246660790
246660792
246660790
246660789
246660769
246659320
246659319
246659314
246659313
246659311
246659310
246660646
246660643
246660646
246660647
246660655
246660652
246660607
246660609
246660608
246659313
246659314
246659318
246660608
246660611
246659311
246660611
246660609
246660610
246659318
246659314
246660633
1258598937
246660633
246660635
246660639
246660637
246659320
246660637
246660639
246660635
246660629
1258598929
1258598937
1258598929
246660629
246658358
3199250909
246658359
3199250912
4022656242
4022656242
4022656242
3199250912
3199250909
4656651151
4656651153
4656651151
3199250908
3199250906
3199250902
246713105
3199250902
3199250901
3199250899
246659302
246659303
3199250898
3199250893
3199250875
3199250893
3199250898
3199250899
246658369
246665133
1258980982
246665103
246665126
246665127
246665126
246665160
246665120
246665117
246665120
246665117
246665112
246665111
246665103
246665111
246665110
246665104
246665107
1258980982
246665107
246665110
246665104
246659283
246659284
246659285
246713116
246713107
246713108
246713118
246713119
246713116
246659285
246659289
246713121
246659289
246659290
246713134
246713121
246713124
246659329
246659328
246659326
246659328
246713161
246713156
246713161
246713156
246713155
4553879092
4553879089
4553879097
4553879095
4553879092
246713155
1258989632
246658363
246713167
246713145
246713144
246713143
246713164
246713167
246713164
246713143
246659330
246659329
246713124
246713123
246713122
246713131
246713128
246713130
246713131
246713130
246713132
246713135
246713134
246713135
246713123
246713122
246713148
246659330
1258982258
246650281
246650203
246650202
246650201
246650200
246650201
246650200
246650196
246650195
246650194
246650193
246650192
246650191
246650233
246665154
246665148
246665127
246665131
246665136
246665140
246665133
246665140
246665142
246665146
246665142
246665146
246665136
246665131
246665132
4004584231
246660807
4004584203
246665016
246660810
246660851
246660847
246660851
246665017
246660812
246665017
246665021
246665009
246658383
246665009
246660850
246660847
246665013
246660806
246665013
246665016
246660810
246665044
246660812
246660813
246660816
246660817
246660816
246665058
246660823
246660821
246660820
246660817
246660820
246660837
246660836
246660842
246660821
246660842
246660829
4004584225
246660823
246665058
246665059
246665045
246665044
246665045
246665048
246665059
246665048
4004584215
4004584203
4004584215
4004584220
4004584223
4004584220
4004584223
4004584225
246660829
4004584244
246650188
246650184
246650220
246650184
4553462266
246650184
4553462274
246650181
246665077
4553462274
4553462266
1258758029
246665166
246665164
246665092
246665095
246665090
246665077
246665091
246665093
246665090
246665095
246665093
246665091
1756028731
246660883
246665035
246665022
218198612
246665029
246658383
246665029
246665022
246665021
246665034
246665036
246660815
246660813
246660815
246660841
246660837
246660841
246665039
246650220
246665071
246650220
4004584244
4004584260
246650233
246650241
246650192
246714241
246714212
246714213
246659343
246665192
246659343
4044744473
246650188
4044744473
246650191
4044744473
4004584260
246665153
246665132
246665153
246665148
246665154
246665163
246665123
246665160
246665123
246665125
246665163
246665125
246665156
246665114
246665112
246665114
246665116
246659290
246665116
246713201
246713196
246650226
246650196
246659293
246714250
246714248
246650195
246650194
246650261
246714265
246665156
246714265
4044579235
4044579226
4044579235
4044579226
246713196
246713201
246713200
246713132
246713200
246713129
246713128
246713129
246713152
246713148
246713152
1258982258
246713142
246713147
246713144
246713147
246713146
246713145
246713146
246713142
1258982258
246650281
246650271
246650202
246714272
246714268
246714206
246659295
246659294
246659293
246714267
246714268
246714267
246659294
1259006159
246714250
1259006159
246714252
246659295
246659297
246714207
246714208
246714209
246714206
246714209
246714285
246659335
246659334
246659332
246714276
246659332
246714273
246714278
246714274
246714272
246714274
246714280
246714279
246714277
246714276
246714281
246714280
246714281
246714277
246714279
246714278
246714273
246650203
246650208
4520410260
246658365
1260340441
246659334
1260340441
246659336
246659335
246714285
246714319
246714322
246714317
246714316
246714208
246714316
246714321
246714317
246714321
246714322
246714319
246714286
246714207
246714286
246714289
246659336
246714292
246714291
246714288
246659301
1448557413
246653301
246714324
246714343
246714323
246714343
246714323
246714340
246714324
246714340
246714341
246653304
246653303
246653302
246653303
246653302
4659380901
4659380904
4659380901
4659380904
246653301
1259015072
246714308
246653299
1448557384
1448557349
246714307
9014150361
246714301
246714300
246659300
246714290
246659298
246659297
246659298
246714299
246714202
246714305
9014150361
246714305
246714298
246714302
246714298
1259008999
1259009001
1259008999
1259009001
246714301
246714300
246714302
246714299
246714202
4715609210
246714192
451120782
451120778
246714188
246714185
246714182
1448557344
246714183
4659380893
246653298
246714178
246714177
246659350
246659351
246659339
246659340
246659348
246659340
246713656
246659339
246714341
246659339
246713656
4553931595
246658366
4553931591
4553931600
246658366
4553931595
4553931600
1448557379
246653306
246653304
1448557378
246653304
246653306
246653307
1448557379
4552515300
246653307
1448557335
4552515310
4552515303
1448557378
5305628532
246714288
5305628532
246714293
246714292
246714291
246714289
246714290
246659300
246714294
246659301
246714294
1259008998
246714301
1259008998
1448557372
1259015072
246714308
1448557349
1448557372
1448557413
1448557378
4552515303
1448557335
4552515314
4659596469
4659596470
4552515300
4659596470
4659596472
4659596471
4659596473
4659596474
4659596472
4659596474
4659596473
4659596471
4659596469
4552515314
4552515310
246658365
4520410260
4520410255
246650208
246650242
4520410261
246650242
4520410267
246658363
4520410267
4520410261
246650281
246650271
246650226
246650266
246650195
246650266
246650261
246650276
246650241
246650276
246650193
246714244
246714241
246714244
246714245
246714216
246714215
246714212
246714215
246714233
246714229
246714223
246714220
246714219
246714216
246714245
246714248
1259015071
246714204
246714252
246714204
4715609205
246714255
246714218
1259015071
246714218
246714259
246714219
246714259
246714226
246714221
246714220
246714223
246714221
246714226
246714205
4715609209
246714255
4715609205
4715609209
246714205
4715609210
246714311
246714307
246714311
451120764
246714189
246714190
246714185
246714188
246714187
246714186
246714006
246714027
246714008
246714027
246714025
246714021
246714003
246714005
246714001
246713999
1448557353
246713998
246653290
1448557371
246714004
246714003
246714004
246714170
246665209
246665202
246665201
246665179
246665181
246665178
246665164
246665183
246665192
246665183
246665185
246665185
246665185
246665183
246665164
246665166
1258758029
4553462266
1258758029
4004584241
246665166
4004584241
246665092
246665168
246665171
246665170
246665168
246665177
246665175
246665170
246665171
246665175
246665206
246665199
246665201
246665202
246665206
246665199
246665198
246665177
246665198
246665178
246665181
246665182
246714213
246665182
1259015074
246665203
246659344
246665205
246665179
246665205
246665203
1259015074
1259015073
246714233
1259015073
246714229
246714236
246714192
246714236
451120795
246659345
246659344
246659345
246714029
246714186
246714029
246714025
246714021
246714023
246714030
246714005
246714030
246714008
246714009
246714007
246714006
246714007
246714013
246714010
246714009
246714014
246714015
246714001
246713999
246714017
246714019
246714017
246714019
246714015
246714014
1448557399
246653294
246713998
246653294
246653295
246653296
246653295
1448557395
246714010
246714013
1448557369
246653297
246653296
246714194
246714176
246714173
246714172
246714173
246714196
246714179
246659351
246659348
246714180
246714179
246714177
246714176
246714173
246714198
246714194
246714178
246714193
246659350
246714193
246653299
4659380899
246714313
246653298
1448557358
1259022677
246714190
1259022677
246714182
451120815
246714187
451120816
451120795
451120816
451120782
451120840
451120778
451120840
451120764
246714189
1448557334
246714313
4659380899
4659380900
1448557384
4659380900
1448557334
1448557358
4659380894
1448557344
4659380892
1448557344
4659380894
4659380893
246714183
4659380891
451120804
1448557412
451120815
1448557412
4555575864
1448557412
4659380892
4659380891
451120804
4555575863
246653297
4555575863
4555575864
1448557369
1448557390
246653296
1448557390
1448557395
1448557399
1448557353
1448557371
1448557400
892653766
4051954633
246714171
246714170
246714171
246665210
246665209
246665210
246665091
1756028727
4051954639
246653148
892653791
892653800
246653289
246653288
892653775
2889406564
225061897
892643568
225061897
2889406564
892643569
1448557394
246653288
4659432010
1450239243
892653775
2889406564
892653775
1450239243
1450239181
246653287
246653285
246653284
1448557363
246713505
246653359
246653356
246653353
246653351
246653353
246713536
246713534
246713533
246653359
246653361
246653359
246713505
246713467
246713466
246713463
246713495
246713503
246713457
246713459
246713471
246713464
246653356
246713464
246713463
246713466
246713498
246713495
246713503
246713500
246713498
246713500
246713454
246713504
246713467
246713504
1448557347
1448557370
246653285
246653284
2886138629
1448557416
246713518
246653361
246713532
246713520
246713521
246713523
246713554
246713521
246713554
246713530
246713529
246713528
246657078
246657076
246657075
246657074
246650154
246657074
246713558
246713555
246713558
246713555
246657075
246657074
246713542
246653349
246713542
4658722655
4658722646
4658722646
4658722646
4658722655
246713536
246713534
1269948958
1269948945
1269948958
1269948945
246657076
246657078
246657079
246657080
246713527
246713523
246713527
246713528
246713529
246713533
246713531
246713530
246713531
246713532
246713520
246713518
1448557416
1448557363
1448557370
1448557414
246653287
1450239297
1450239226
1450239243
1450239226
1450239181
1450239146
246653333
1448557414
1450239146
4659432009
4659432010
4659432009
1448557394
1448557403
892653766
1448557400
1448557403
246653289
892653795
892653800
892653795
246653290
246714195
246714198
246714195
246714172
8928606723
246713717
246659349
8928606814
2886138588
246659349
3212402288
246713717
8928606722
246714196
246714197
246714180
246714197
2886138588
8928606814
2886138730
3212402288
2886138690
2886138580
2886138690
2886138721
8928606723
8928606722
8928606723
2886138721
2886138580
2886138551
892653791
4051954633
4051954639
1756028727
1756028737
1756028731
4051954602
246650277
246665071
246665040
4051954602
246665040
246665038
246665039
246665038
246665041
246665037
246665043
246660883
246665043
246665041
246665037
246665036
246665034
246665035
246660877
4561970391
218198582
4051954655
218198582
218198695
218198699
602890202
218198690
218255826
218255852
218255843
218255826
218255843
218255845
218198677
218255845
218255847
218255852
218255847
218198680
218198677
218198673
3181155826
602890214
218255809
602890202
218198699
602890210
218198695
602890210
218255809
602890214
3181155826
4051954655
5298631366
246658103
5298631366
3199250699
5298631366
3199250699
4516791315
3199250511
4516791317
1765552495
246658100
1765552495
4516791317
3199250682
3199250662
303688021
4488816363
303688021
3199250662
3199250507
4488816363
218198366
