8232001564
6339950215
8232001565
8232001564
8232001605
8232001624
8232001630
8232001676
8232001630
6339975471
8231945424
8232038490
8232001482
8232038490
8232001533
6339950215
8232001533
8232001466
8232001482
8232001485
8232001466
8232001485
8232001480
8231978314
8232001418
8232001441
8231978314
8232001442
8232001446
8232001432
8232001424
8232001436
8232001430
8232001994
8232001980
8232001995
8232001980
8232051984
321760557
8544052847
8232052006
8544052846
8232052006
8232052032
8232052026
8232052017
8232052058
4375799250
8544052864
1669653842
8544052856
4375799253
321761455
4375799253
321761455
321761465
321761455
8544130527
8544130368
4375799253
8544052856
8544052764
8232052017
8544052764
8544052856
8544052855
8544130368
8544052855
8544052943
321761662
1669653842
8544052864
8544052764
8544053045
8544053059
8544052833
8544052834
8232052073
8232052081
8544052837
8232052017
8544052837
8544052798
8544052834
8232052073
8232052082
1609048770
6464712320
1609048770
8232052082
6464712320
8232052027
8232052026
8232052027
8232052032
8544052846
8232052058
8544052846
8544052844
4375799250
8544052844
6854486958
8544052906
8544052905
8541046985
8541046986
8541046985
8545153235
8545153230
8541046986
8541046988
8541046986
321760959
9783939916
8544052905
9783939916
9170608004
8482826365
8541046672
8541046671
1093084347
321762898
1093084347
321762898
8541046876
8541046780
8541046672
8482826365
8482826330
8482826328
8541046908
8482826318
8222475507
8541046907
8541046912
8541046911
8482826328
8541046908
8541046910
8482826318
8482826315
8482826301
8222475894
8222475897
8222475875
8222475870
8222475910
8222475848
8486860255
8222475838
8222475832
8222475743
8222475656
1091614248
4404756841
1091614248
8222475657
8213682581
8213682582
1091614159
1091614045
1091614159
8213682584
8213682543
8213682531
8213681971
1601896291
8213682540
8213682357
8213682346
8213682342
8213682334
8213682658
8213682630
8213682613
8213682660
8213682342
8213682661
8213682657
8213682665
8213682659
8213682660
8213682659
8213682661
8213682657
8213682658
8213682630
8213682631
8213682363
8213682371
4404756861
1091614134
4404756861
8211669625
8213682374
8211669625
1091614134
8213682410
1091614109
8213682412
8213682374
8213682373
8213682363
8213682631
8213682629
8213682613
8213682629
8213682357
8213682541
1091614045
8213682573
8213682533
8213682543
1601896291
8213682541
8213682357
8213682540
8213682371
8213682370
8213682371
8213682540
8213682537
8213681971
8213682414
1091614109
8213682414
8213682409
8213682370
8213682537
8213682409
8213682410
8213682408
8213682372
8213682374
8213682372
8213682408
8213682412
8213682411
8213682413
8213682414
8213682413
8213682531
8213682583
8213682581
8213682583
8213682584
8213682573
8213682533
8213682541
1091614045
8213682580
8222475656
8213682595
8213682346
8213682595
8213682580
8213682582
1091614248
8222475759
4404756841
8222475752
8222475775
8222475657
8222475775
8486858969
8486858971
8222475752
8222475759
8222475752
8222475832
8222475838
8486858971
8486858968
8222475848
8222475910
8222475960
8222475900
8222475914
8222475911
8222475922
8222475959
8222475911
8222475914
8222475900
8222475870
8222475875
8222475878
8222475879
8222475729
8222475883
8222475882
8222475880
8222475881
8222475878
8482809655
8222475985
8482809655
207704482
8222475879
248494615
8222475881
207704489
8222475897
248494619
8482826315
8482826314
8222475894
8482826314
8482826315
248494619
8486858968
8486858967
8486858969
8486858967
8541046912
8541046907
8541046910
8541046911
8482826328
8482826330
8482826331
8482826300
8222475880
8482826300
8482826301
207704489
8222475881
248494615
8222475883
8482809641
207704486
8482809641
8482826282
8222475882
8482826282
8541046780
8541046782
8482826285
207704486
8482809647
8482826281
8482826285
8482826282
8541046780
8541046876
321762713
8541046640
8541046877
8541042202
8541042209
8541042212
8541042187
8541042203
8541046877
8541042203
8541042204
8541042187
8541042204
8541046821
8541046745
8541046671
5413780194
1093084596
321762724
1093084596
321762724
8541046640
8541046781
8541046782
321762713
8541046876
8541046875
8541042202
8541046875
8541042211
8541042209
8541042211
8541046745
8541046821
5413780194
8541046781
8482826281
8482826276
8482958049
8222475729
8482958049
8482809647
8482958049
207704482
8482809655
8482958050
8482826276
8482958050
8482826256
8482826269
8222475985
8482826268
615106384
8482958053
8482826213
8482826153
8482826268
8482826269
615106390
615106384
615106390
8482958054
615106390
8482958316
8482958051
8482826256
8482958054
615106389
615106389
615106389
8482958054
8482958051
8482958285
8482958220
8482958219
8482958223
615106398
615106398
615106398
8482958223
615106400
8545817876
615106413
8565820696
8565820697
8565820696
8565820698
8565820699
8565820697
8545817873
8545817876
8545817874
8565820703
8565820702
615106413
8565820702
8565820700
8565820698
8565820700
8565820701
8565820699
8565820701
8565820703
8545817874
8545817875
615106400
8482958223
8482958220
8545817877
615106400
8545817877
8482958292
8482958285
8482958288
8482958290
615106411
8482958294
8482958293
8545250314
8545250316
615106409
8545250344
615106408
615106408
615106408
8545250344
8545250314
8545250343
8545250344
8545250343
8545250615
615106409
615106428
8545250317
8482958295
8482958291
8482958292
8482958291
1669668483
8482958291
8545615669
8545817873
8545817877
8482958292
207704477
615106411
8482958297
8482958293
8482958297
8482958289
8482826213
8482958289
8482958290
8482958053
8482958316
8482958288
207704477
8482958295
8482958294
8545250316
8545250317
8545250321
1669668483
8545615669
1669668483
8545250321
8545250614
615106428
8545250616
8545250613
8565820707
8565820705
8545250321
8565820705
8565820704
615106427
8565820706
8565820707
8565820706
8565820704
615106427
8545250614
8545250613
8545136108
8545136109
615106440
615106439
8545169658
615106435
8608844553
615106435
8608844555
8608844553
8608844554
8545169655
8608844554
8608844556
8608844555
8608844556
8545136111
8545250505
8545250438
8545250448
8545250381
8545250433
8566072076
8566083133
8566082889
8566083167
8566083165
8566083166
615106663
8566083164
8566083162
8566083075
1658562784
615106601
615106603
8566083106
615106600
8566083314
615106600
8566083312
8566083310
8566083311
8566083313
8566083312
8566083313
8566083105
8566083106
8566083067
8566083053
8566083048
8566072305
8566072303
8566083054
8566083055
8566072305
615106567
8566072304
8566083399
8566145166
8566145165
615106613
8566145165
8566145167
8566145168
8566145167
615106613
8566072304
8566083425
8566072303
8566083425
8566145168
8566145166
8566083399
8566083398
8566072307
8566083366
8566083364
8566072306
8566083046
8566083048
8566083053
8566083055
248494537
8566083239
8566083053
8566083067
8566083315
8566083314
8566083316
8566083310
8566083316
8566083317
8566083311
8566083317
8566083315
8566083067
8566083081
615106603
8566094914
615106580
615106578
1657088661
8545169621
1657088661
8545250433
1657088661
8545250449
8545250448
8545250449
8545250438
8545250505
8545169621
1657088660
615106578
8566094915
615106601
8566094911
8566083075
8566083236
8566083215
8566083208
8566083204
8566083162
8566083168
615106663
8566083168
8566083167
8566083168
8566094911
8566083133
8566094915
8566094914
8566083105
8545169622
8565820683
8565820681
8565820680
615106586
8565820682
615106586
8545169623
615106580
1657088662
1657088660
8545136113
615106439
8545169656
8545250615
8545250616
8545169657
615106440
8545136114
1657088662
8545169620
8545169624
8565820681
8565820680
8565820682
8565820683
8545169622
8545169623
8545169620
8545169624
1818139801
8545136104
1818139801
8545136107
8545136104
8545169726
8565820691
8565820685
8565820684
8565820686
8565820687
8565820685
8565820691
8565820690
8565820684
8565820690
615106550
8565820688
615106550
8565725007
615106543
8545169729
8545136109
8545136107
8545136114
8545136113
8545136111
8545169658
8545169655
8545250343
8545169655
8545169656
8545169657
8545136108
8545169728
8545169729
8545169726
8565725007
8565724978
8565724979
615106543
8565725006
8545169728
8565724940
8566214791
8566083020
8566083019
8566083018
8545153327
8566083020
8566214791
8566214913
8565725058
8566214931
8565725055
8567811646
8567811651
8566214937
8565725036
8566214934
8565724970
8565724928
8565724926
8565725006
8565724975
8565724970
8565724975
8565724979
8565725029
615106555
8566169692
8565725045
8566214937
8565725036
8565725029
8565725024
8565725022
8565820689
8565820687
8565820686
8565820688
8565820689
8565725022
8565724978
8565725022
8565725024
8566169694
8566169693
8566081266
8566169692
615106555
8566169693
8566081266
8566081267
8566082988
8566081267
8566081268
8566169694
8566081268
8566081275
8545153335
8566081275
8566102022
8566083366
8566083364
8566158105
8566158103
8566083046
8566158103
8566158102
615106565
8566158102
8566158104
8566158105
8566158104
615106565
8566072306
615106567
8566072307
248495221
8566102021
8566102022
8566102021
8566102023
248495221
8566102023
8566082937
8566083398
8566082937
8545153335
8545153329
8566214868
8566214882
8566214874
8566214873
8566082991
8566082989
8565724971
8566214911
8565725059
8565725058
8565725059
8565725068
8565725055
8565725068
8565725045
8565724971
8566082989
8566082992
8566082988
8566082993
8566082992
8566082993
8566082991
8566214873
8566082975
8566214891
8566214874
8566214882
8566214891
8566082975
8566214866
8545153327
8566083018
8566214853
8566214864
8943974282
8566214858
8566214856
8566083019
8566214856
8566214687
8566214845
8566214675
8566214623
8566214672
8566214669
8566214620
8565724621
8566214620
8566214850
8566214749
8566214675
8566214845
8566214676
8566214623
8566214676
8566214690
615106449
615106445
615106449
615106445
8566214673
8566214668
8566214673
8566214672
8566214748
8566214749
8566214748
8566214669
8566214668
8565724624
615106453
8565724629
8565708185
615106404
8565708191
8565708202
8565708203
8565724637
615106404
8565724639
8545817875
8482958219
8565724638
8565708191
8565724676
8565724676
8565724676
8565708191
8565724638
8565724639
8565708183
8565793691
8565724630
8565793691
8565708180
8545817874
8565708180
8565708183
8565708185
8565708184
8565724636
8565708210
8565708209
8565708203
8565708209
8565724640
615106402
615106402
615106402
8565724640
8565708210
8565724640
8565724637
8565724636
8565708184
8565724620
8565724624
8565724621
8566214797
8565724951
8565724952
8565724951
8565724958
8565724940
8565724958
8565724952
8565820693
8565820692
615106523
8565820694
615106523
8565724623
615106453
8565724623
8565724621
8565724623
8565724631
8565820695
8565820693
8565820692
8565820694
8565820695
8565724631
8565724630
8565724629
8565724620
8541046988
8566214690
8566214702
8566214700
8566214702
8566214700
8545153307
8566214853
8545153307
8545153230
321760995
8608676148
321761826
321761652
8608676172
8608676037
8544130504
8544130505
321761658
8608676107
8544130503
8544130505
8608676042
321761652
8608676173
8545137411
8545137404
321760995
8545137404
8545137412
8608772255
8608772209
8608772210
615106496
615106464
615106496
8608772208
8608771883
8608771881
8608771886
8608772210
248495497
8608772255
8608772254
8545137405
8567877101
8567881127
8567877101
8567877103
8567877104
248495389
8729900686
8729905100
8729905097
8729905102
8729905101
8567881105
8567881125
615106383
248495390
321761178
248495390
8544130445
321761465
8544130444
615106383
8544130444
615106383
8567881125
248495389
8729900686
8729905102
8729905147
8729905089
8730033635
8729905097
8729905792
8729905223
615106714
8729905280
8729905278
8729905098
8729905099
8729905100
8729900685
8729905099
248495392
8729905104
8729905098
8729905278
8729905793
615106714
615106713
8729905237
8729905197
8729905795
8729905294
8729905284
8729905286
8729905285
8729905293
8729905292
8729905193
8729905328
8729905193
8729972504
8729905186
8729905183
8729905180
8729999277
8729905180
8729905695
8729905183
8729905695
8729905761
8729905694
8729905423
8729905426
8729905428
8729905426
8729905434
8729905432
8729905428
8729982070
8729982067
8729982066
8729982061
9577921186
8729982061
9577921176
8729981831
9170617700
8729956980
8729956981
615106739
8729956983
615106741
8729981831
615106741
6961065333
8729981906
8729981898
8729981896
6961065346
6961065333
6961065346
615106710
8786257468
8729981890
8729981897
8729981896
8729981897
615106710
8786257468
8729982133
615106707
8729956985
615106739
8729956981
8729956934
615106738
615106737
615106715
8729956929
8729956928
8567881073
8729956928
8729956930
8729956932
615106703
8729957043
8729957048
615106703
8729956932
615106737
615106738
8729934809
8729957064
8729957065
8729905754
8729905761
8729905694
8729905700
8729905674
8729905677
8729905700
8729905674
8729905186
8729972504
9467040092
8730033635
9467040092
8729905370
8729905361
8729905155
8729905152
8729905148
8729905089
8729905148
8729905149
8729905060
8729905064
8729905151
8729905064
8729999273
8729905150
8729905152
8729905155
8729905373
8729905370
8729905373
8729999277
8729999273
8729905150
8729905151
615106685
615106685
615106685
8729905151
8729905149
615106683
615106682
8729905147
8729905125
8729905101
8729905125
8729905126
8729905045
8729957072
8729905060
8729957072
8729957071
615106683
8729957071
8729957070
615106682
8729957070
8729905126
8729905045
1411570413
321761178
1669668599
321763150
8567881099
321763620
8033070880
1395519552
321763620
1395519552
8033070882
321759882
8033070878
8033070881
8033070878
9447724548
8033070880
8033070881
8033070882
321759882
1669668525
8544053059
1669668525
1669668534
1669668518
1669668558
1669668561
1669668571
1669668571
1669668571
1669668561
1669668558
1669668579
8567881285
8567881033
8567881099
8567881052
8786257465
8567881024
321763150
1411570413
8567881024
8786257465
8567881070
615106696
8567881075
8729956929
8729934807
8729957065
8729905754
8729934808
8729956934
8729956933
8729956931
8729956932
8729956930
8729981856
8729957048
8729957043
8729981853
8729956931
8729956933
8729956979
8729956981
8729956979
8729956985
8729956984
8729956982
8729956983
8729956980
8729934808
8729934809
8729934810
615106715
8729934810
8729957064
8729934810
8729934807
8567881069
8567881070
8567881059
9855627664
9855627665
9855627663
8567881060
8729981870
8786257467
8729981870
9855627661
8729981875
6961065355
615106707
8729982133
8729982132
8729981890
8729982132
8729981875
6961065355
8786257467
8567881074
615106696
8567881061
9855627665
9855627664
8567881059
8567881061
8567881060
8567881074
8567881073
8567881075
8567881069
8567881070
8567881059
8567881052
8567881099
8567881033
1669668599
8567881285
8544130441
8544130445
8544130444
321761465
8544130444
8544130436
8544130452
8544130436
8567881126
8567877102
8567877104
8545137409
8545137407
8567877102
8567881126
8567881125
248495389
248495388
8567881123
248494715
8566237229
8566237228
8566237222
8566237237
8566237234
1657088670
8566237235
1657088670
248495366
8566237228
8566237227
248494491
554247090
207704446
8566237227
207704446
8566083472
8566083466
8566237389
8566237222
8566237389
8566083438
8566072309
8566237277
615106609
8566237277
8566237275
615106609
8566083439
8566083437
8566237276
8566237275
8566237276
8566072309
8566083438
8566083466
8566083438
8566083439
248494536
8566083472
8566083471
9623923948
8566094831
615106764
615106764
615106764
8566094831
248494708
8566083471
9855679877
554247090
9855679877
605048276
207699718
605048276
207699712
615106774
444876162
1657088278
9624003138
9624003137
9624003133
9624003135
9624003134
8729905515
9624003134
8729905508
8729905459
8729905442
8729905434
8729905442
9624003145
9624003135
248495423
9624003137
615106750
615106757
9624003152
248495428
9623974697
8730029421
9624003145
9624003146
9624003133
9624003146
9623974696
9624003152
9623974696
9623974697
9623974689
8730029421
9623974689
9624003191
248495429
248495428
248495429
9624003189
8729981945
9624003189
9855588212
1093084244
9624003205
9624003203
1093084600
9624003203
248495099
8636630869
1209263889
1669645593
1669671006
1669671015
1669671011
1669671019
1669671015
1669671019
1669671037
1669671025
1669671017
1669671024
1669671025
1669671017
1669671006
1669645593
615106797
1091688615
615106797
615106800
1209263330
8636630925
1609048822
8636630913
8636630911
8636630907
8636630908
8636630895
3686351815
1093084574
8636630822
1209263053
3686351815
8636630895
1411570326
615106795
1609048822
615106795
8636630908
6844052114
6844052115
6844052115
6844052115
6844052114
615106810
6844052111
615106810
6844052111
8636630913
8636630924
8636630914
8636630924
8636630925
8636630926
8636630836
1411570404
8636630860
8636630869
8636630860
248495103
1209263053
248495103
1411570326
1411570404
8636630926
615106800
8636630929
8636630928
1609048813
8636630930
8636630929
8636630930
9855719440
1078396919
615106806
615106804
9855719437
6844052129
6844052128
6844052130
6844052131
6844052124
6844052121
6844052120
8636630919
1609048813
8636630928
1209263330
8636630928
8636630914
8636630919
6844052120
1091688672
1091688656
6844052124
6844052131
6844052129
9855719437
9855719441
1609048813
9855719441
615106804
248495162
9855719435
615106806
9855719440
9855719441
9855719437
248495162
1411570348
1411570242
9855719435
9855719433
1078396919
1091688644
9855719431
9855719425
9855719421
9855719424
9855719443
9855719429
9855719427
9855719449
9855719446
1091688644
9855719446
615106802
9855719447
615106802
4479259953
4479259957
4479259953
4479259957
4479259956
4479259948
4479259949
9855719450
4479259949
4479259958
4479259956
4479259948
9855719447
9855719448
9855719451
9855719450
4479259950
9855719452
4479259950
4479259960
4479259958
4479259960
4479259961
4479259951
4479259952
1091688668
4479259962
4479259952
9855719455
9855719419
1091688615
1091688668
4479259962
4479259961
4479259951
9855719452
9855719453
9855719455
9855719453
9855719451
9855719448
9855719449
9855719427
9855719428
9855719429
9855719443
9855719444
9855719428
1411570248
9855719423
9855719421
9855719456
1411570382
9855719431
9855719433
9855719431
9855719425
9855719424
9855719442
9855719444
9855719442
9855719423
1411570248
1411570291
207269845
6401542150
6401542147
6401542150
207269845
207269855
207269867
207269855
1411570264
615106850
1411570264
1411570407
1411570343
1411570315
1411570244
1411570260
1658555550
1658555570
1658555550
4310021036
1411570332
1411570227
1411570387
1411570356
9855719456
1411570382
1411570356
1411570387
4310021036
1411570261
1658555570
1411570263
1411570260
1411570288
615106850
1411570216
6401542147
1411570216
1411570288
615106850
1411570412
1411570244
1411570412
1411570407
1411570343
1411570324
6960991776
6960991775
6960991773
6960991774
6960991777
6960991763
6960991784
6961065286
6960991764
6960991783
6960991763
6960991784
6960991778
6960991776
6960991778
6960991777
6960991774
6960991775
6960991773
6960991783
6960991764
1411570330
8786262333
207269875
6961065286
207269875
207269867
1411570324
1411570321
1411570315
1411570321
1411570328
1411570263
1411570328
1411570330
248495152
248494861
8786262333
248494861
248495158
1090142886
1090142877
1090142869
1209263883
1209263489
1090142902
1090142869
1209263794
1090142877
1209263794
1090142902
1090142886
248495158
1209263917
1209263489
1209263917
1090142917
1090142887
1090142917
1411570341
1411570348
1411570341
1411570238
1411570242
1411570227
1411570332
1411570261
1411570332
1411570238
1090142887
248495149
248495152
248495149
248495158
248494861
248494858
1209263119
207269892
248494846
4656411368
4656411695
4656411715
4656411695
4656411700
4656411368
4656411700
4656411715
4656411717
248494850
8636630655
8636630652
8636630655
4548358068
1209263668
6399663214
7351064091
6399663229
7351064091
6399663216
6399663224
6399663228
6399663229
6399663224
6399663216
6399663214
1209263668
4548358068
248494853
8994248172
6960932206
3468270390
6960932206
8611229625
8636630734
8636630733
8636630730
8636630716
3468270390
8636630733
8611229616
8636630719
8636630730
8636630719
8636630722
1090181424
8636630726
8636630722
1630783377
6844717508
3468270391
8636630716
3468270391
6844717510
6844717509
6844717508
1630783377
6844717516
6844717528
6844717516
6844717528
3468277294
5790657772
3468277295
9573919379
1102850845
3468277301
3468277295
3468277301
8636630726
8611229619
9573919368
1100950109
8149477833
8149477836
1100950104
8149477836
1100950109
8611229579
8611229469
8149477833
5291908823
1100950011
3892733834
1100950103
3892733834
8611229558
4500029608
4500029594
4500029593
4500029594
4500029608
4500029596
4500029593
4500029596
4500029602
8611229556
1100950011
5291908823
1100950104
5300653511
4375823651
5300653507
4375823651
8611229656
5300653504
8839390832
8839390851
8839390844
8839390837
8839390834
8839390842
8839390845
8839390844
8839390851
6844717556
8839390845
8839390842
8839390837
8839390834
8839390832
5300653504
5300653501
5300653499
5300653507
1100950104
5300653511
8149477821
8149477825
8149477821
5300653511
1100950103
8149477825
8611229558
8611229556
8611229469
8611229579
8611229622
8611229616
1090181424
8611229619
8611229622
8636630734
8611229625
6960932206
8994248172
4548358068
8994248172
248494853
8636630652
6960991754
207269920
207269892
248494854
207269875
248494843
248494845
248494854
207269892
207269920
248494850
4656411717
248494846
248494845
5300609209
5182151420
248495251
248495251
248495251
5182151420
248495237
248495246
248495246
248495246
248495237
248495235
248495201
248494843
248495201
4500086061
248495235
4500086061
248495203
6961065305
6961065307
6961065311
6961065311
6961065311
6961065307
6961065305
4500086062
9325318880
9325318868
9325318881
248495232
248495203
248495232
9325318881
9325318868
9325318880
4500086062
248495205
9623924458
7153855721
7153855704
7153855711
7153855715
7153855721
9623924458
9623924440
9623924264
9623924265
615106843
1669643808
1669643808
1669643808
615106843
9623924265
615106845
9623924263
615106780
9623924750
615106780
9623924767
9623924283
9623924274
9623924757
9623924633
9623924283
9623924343
9623924631
9623924344
9623924346
9623924544
9623924607
9623924597
9623924832
9623924597
9623924834
9623924832
9623924837
9623924757
9623924837
9623924828
9623924344
9623924631
9623924633
9623924283
9623924767
9623924750
9623924274
9623924542
9623924262
9623924263
9623924259
9623924261
615106657
615106656
615106656
615106656
615106657
8566094861
615106658
8566083217
8566083215
8566083241
615106658
8566083241
1669647783
1669647781
8566094846
1669647784
1669647786
1669647784
8566094837
1669647782
8566237381
1669647782
8566083252
8566083237
8566083251
1669647781
1669647783
8566094849
1669647786
8566094838
8566237381
8566094833
248494708
248494536
8566094832
8566083253
8566083252
248494706
8566083238
1658562784
8566083081
8566083239
8566083238
8566083236
8566083251
248494706
248494537
8566083253
8566083054
8566094823
8566083437
8566094823
8566094832
8566094833
8566094830
8566094831
8566094830
8566094838
8566094837
8566083237
8566094846
8566094849
8566094860
8566083241
8566094860
8566094858
8566094861
8566083217
8566083234
615106642
8566083234
8566083208
8566083204
8566083233
615106642
8566083232
8566083166
8566083164
8566083233
8566083232
8566083234
8566083217
8566094861
615106657
9623924261
9623924265
9623924261
615106845
9623924266
9623924262
9623924647
9623924646
9623924647
9623924648
9623924646
9623924459
9623924659
9623924661
9623924660
9623924663
9623924440
9623924264
9623924266
248495209
9623924661
248495209
9623924663
248495206
248495205
248495228
248495206
248495228
1411570247
1411570391
1411570365
9623924690
9623924667
9623924528
9623924708
9623924659
9623924708
9623924709
9623924661
9623924709
321763437
321763437
321763437
9623924709
9623924707
9623924660
9623924707
9623924690
1411570365
1411570291
207269837
6844052153
6844052153
6844052153
207269837
207699718
207699721
1209263889
207699721
207699709
207699712
207699709
248495099
8636630884
9624003205
8636630884
8636630822
1093084574
8636630806
8636630814
8636630812
8636630814
8636630812
9623974679
9623974681
9623974679
9623974681
8636630817
9624003205
8636630817
8636630819
7660694372
7660694374
7660694368
7660694373
7660694374
7660694373
8729981945
9624003192
9624003191
7660694379
8729981942
7660694379
8729982055
9577921175
8729981933
9577921185
9577921179
9577921191
9577921179
9577921191
9577921188
8729982103
8729982102
8729981906
8729982102
8729981831
9577921176
9577921188
9577921185
9577921186
1658543202
8729982070
8729982075
8729982055
8729982075
1658543202
8729981933
9577921175
8729982140
8729981942
7660694383
7660694383
7660694383
8729981942
9624003192
8729981945
8636630819
1093084244
1093084600
321761206
9855588212
321761206
444874959
1655518945
444874959
444875055
1655518952
1655518947
1655518935
444874965
248495426
615106750
615106757
248495426
444874965
1655518945
1655518947
1655518935
615106784
444874989
9623902682
9623902688
9623902682
9623902685
9623902688
444874989
615106784
1657088295
615106787
1093084580
9623902679
615106787
1657088295
1657088278
9624003138
248495423
8729905515
8729905516
9624003138
8729905516
8729905527
8729905528
8729905491
8729905459
8729905491
8729905328
248495416
8729905293
248495414
8729905286
248495414
8729905294
8729905291
8729905292
8729905291
8729905197
8729957069
8729957067
8729957066
8729905223
8729905237
8729957068
8729957066
8729957068
8729957069
8729957067
8729905792
8729905793
8729900685
8729905793
615106714
615106713
8729905795
8729905794
8729905284
8729905794
8729905280
615106725
8729905286
615106725
1655520106
8729905537
8729905298
8729905285
8729905298
248495416
8729905528
8729905564
8729905564
8729905564
8729905528
8729905527
8729905537
8729905527
8729905537
1655520106
1655520099
8729905104
8567881120
8567881123
8567881127
8567881204
8567881202
8566237235
8608772167
8608772191
8608772058
8566237234
8608772058
8608772046
248495367
8608772046
8608772057
8608772190
8608772057
8608772178
8608772179
8608772177
8608772201
8608772206
8608772200
8608772178
8608772382
8608772366
248495502
8608772390
248495501
8608772390
248495501
8608772476
8608772200
248495370
8608772179
248495370
8608772201
248495500
8608772449
8608772447
8608772449
8608772447
8608772474
8608772257
8608772207
8608772208
248495498
248495497
248495498
8608772257
8608772256
8608772254
8608772256
8608772464
8608772451
248495500
8608772472
8608772206
8608772475
8608772476
8608772382
8608772476
8608772475
8608772477
248495502
248495503
8608772592
4491479462
8608772250
1658561788
8608772248
8608772240
8608772250
8608772595
8608772366
8608772595
8608772594
4491479462
8608772594
248495503
8608772592
8608772593
8608772477
8608772593
8608772240
8608772248
8608772519
8608772518
1658561789
1658561788
8608772517
8608772209
8608772517
8608772516
1658561789
8608772516
615106464
8608772518
8608772519
8608772207
8608772473
8608772472
8608772473
8608772474
8608772464
8608772451
8608772177
8608772189
8608772167
8608772189
8608772190
8608772179
8608772190
248495367
8608772191
1657088670
248495366
248494715
8566237229
248494491
615106773
615106774
615106773
444876162
615106771
615106770
615106771
615106770
615106723
1655520099
1655520106
1655520099
8729905104
248495392
8729900686
248495392
248495388
8567877103
8545137408
8545137405
8545137412
248495394
8545137408
8545137409
248495394
8545137410
615106455
615106455
615106455
8545137410
8545137406
8545137411
248495394
8545137410
8545137407
8545137406
8608676038
8544130503
8608676103
8544130500
8544130499
8544130456
8544130447
8544130527
8544130447
8544130452
8544130456
8544130499
8544130498
8544052943
8544130498
8608676105
8544130500
8608676103
8608676104
321761660
8608676106
321761660
8608674203
8608676102
8608676100
8608676107
8608676104
8608676102
8608676100
8608676101
321761658
8608676108
8544130504
8608676028
8608676229
8608676175
8608676037
8608676042
8608676038
8608676173
8608676148
8608676128
8608676171
321761826
8608676152
8608676172
8608676176
321761841
8608676176
8608676175
8608676176
8608676170
8608676152
8608676170
8608676171
321761841
8608676177
8608676028
8608676177
8608676128
8608676177
8608676108
8608676056
8608676101
8608674203
8608676078
8608676056
8608676078
8608676106
8608676105
8608676106
321761662
8544052906
6854486958
8544052847
321760557
8232001995
6464706582
8232001994
8232001430
8232001432
8232001424
8232001421
8232001449
8232001445
8232001442
8232001446
8232001449
8232001445
8232001441
8232001418
8232038468
8232001666
8232001676
8232001666
8232038468
8231945424
6339975471
8232001624
8232001605
9855679875
6339950256
6339950256
6339950256
9855679875
8232001565
8232001564
