32659924
1411570408
32661156
1241292882
32661157
32661105
1700525677
32661735
1700525677
1700518228
32661157
32661105
4513612526
1241292882
4518898500
32671594
32661121
5688217988
32661121
32661157
32661121
1700518227
1700518223
32661118
32661117
32661142
32661100
32661040
32661035
32661036
32661039
32661038
8595141328
32661038
207717147
32661036
4304495144
32661033
32661032
32661031
615035109
32661716
32661032
32661033
5422994804
32661031
5422994804
32661143
32661035
32661040
32661039
32661101
32661100
32661142
32661117
1700518214
1700518216
32661118
32661160
32661101
8595141328
32661735
1700518225
32661160
32661142
32661161
32661041
32661040
32661041
1700525656
32661143
4304495144
4304495146
207717147
4304495146
32661716
1764298498
5342978418
615035109
615035107
1734380596
32661355
32661426
1700525645
32661163
32661162
32661161
1700525650
32661193
615101632
32661140
32661136
32661713
32661714
32661715
207249223
248413588
248413589
32661715
207249241
248413592
248413589
248413592
267969149
248413711
248413240
32661266
32659931
32659930
32661774
32659930
32671564
32661774
32661131
1700518226
1700518222
1700518216
32661129
1700518221
32661131
32661774
4333637007
32661260
797776010
615101597
32661263
32661266
248413240
615101663
267969149
615101663
207249254
207249241
207249254
615101597
32661260
1429448537
32661256
32661129
1764291994
1700518214
1764291994
1764284111
32661256
1700534187
1700534185
1700518211
32661136
1700518211
32661140
615030570
5230243171
4333592488
207249223
4333592488
4333593189
248413588
4333593189
5230243171
32661140
615101632
8567460063
615101635
8567460062
8567460062
615101635
1063436042
1063436042
615101635
8567460063
615101629
32661193
615101629
1700518206
1700518205
1700518204
32661253
32661164
32661163
1700525640
32661253
32661252
32661251
32661227
32661167
32661168
32661169
32661225
32661224
1700525613
32661169
32661458
32661450
32661168
32661226
32661225
1700518196
1700518195
32661224
1700518194
32661478
1700518195
32661478
32661493
32661221
32661220
32661174
1700534183
32661176
32661177
32661178
32661179
32661551
1700525573
32661178
32661549
32672204
32662122
1700518191
32661524
32661220
1700518190
32661535
32661176
1700525578
32661533
32766750
32661522
32661495
32661491
32661477
32661454
32661453
32661444
32661443
32661435
32661434
32661426
32661434
267966817
32661164
207713268
32661252
1700518203
1700518204
1700518203
1700518202
1700518199
32661227
32661226
1700518198
1700518196
1700518198
1700518199
1700518202
32661251
1700525617
32661167
1700525615
32661444
32661453
32661454
32661458
32661475
32661476
32661475
1700525613
1700525610
32661481
32661482
1700525593
32661491
1700525593
1700525592
32661495
32661522
1700525582
32661174
1700525584
32661221
1700518193
32661478
32661493
32661524
1700518191
1700518190
1700534183
1700525580
32766750
32661533
32661544
32661543
32661544
32661546
32661547
32661543
1700525576
32661177
32671971
32672036
32661535
1764298494
32662122
32672204
1764298494
32672036
32671971
32661549
32661550
32661179
32661180
1700518185
32661550
1700518185
4407950885
2201729311
32661181
32661180
1700518186
32661551
32661552
32661556
32661554
32661608
32661619
4333603970
32661622
1700518182
32661556
1700518186
1700518180
32661181
32661182
32661630
5037962609
2201729311
4407950885
5037962609
32661630
4520455491
4407950876
32661183
32661182
1700525571
1700518180
1700518181
1700534178
32661622
32661659
1700483934
32661659
1700518176
1700483932
1700483931
32661666
32661184
4520455488
4520455476
4407950876
32661183
1700534177
1700518171
32661184
4407950876
4520455491
4520455476
4520455488
4520455490
32661666
32661679
4520455509
4520455490
4520455509
4520455478
1700483924
32661679
1700534176
1700483927
1700483924
32661693
4520455486
4520455478
4520455486
4520455496
615035069
32661693
4407950860
32661661
1700483929
32661684
32661674
32661671
32661619
32661671
32661685
32661684
1700518167
32661661
1700518167
1669418209
32661685
1669418209
32662151
32662156
3713199524
32662156
1764284092
1764284090
32666862
32666877
32662185
1764259778
32662191
3713199524
32666862
32666877
1764259778
32662185
32662184
1700457622
32662184
1764284076
1764284075
1700457622
1700457617
1700457624
1764284075
1764284078
1700457652
1700457624
1700457652
1700483899
1764284081
1700483899
1700483901
5661984741
1764284085
1764284081
1764284078
1764284080
1764284076
1764284080
1764284084
1764284081
1764284084
1764284088
1700534173
1764284090
1700534173
1700534174
32662151
1700534174
1764284091
1764284088
1764284085
1764284089
1764284091
1764284089
1764284086
5661984741
1764284086
1700483902
1700483901
1700483902
4520455505
4520455496
4520455505
615035069
4407950860
1700483927
1700483929
1700518168
32661674
1700483934
1700483932
1700518168
1700534176
1700483931
1700518171
1700518176
1700534177
1700525571
1700534178
1700518181
1700518182
4333603971
4333603970
4333603971
32661608
32661554
32661553
32661546
32661553
32661552
32661547
1700525573
1700525576
1700525578
1700525580
1700525582
1700525592
1700525584
1700525594
1700518193
1700518194
1700525610
1700525594
32661482
32661481
32661476
32661477
32661454
618066319
32661453
32661450
1700525615
1700525620
32661443
32661435
267966844
207713268
1700525617
1700525620
267966844
267966817
1700525645
1700525649
32661355
248511817
1734380596
1700525656
1700525649
32661162
1700525647
1700518206
1700518205
1700525640
1700525647
1700525650
1764284111
1700534185
1700534187
32661713
615101580
797776012
615101580
797776012
797776010
1429448537
4333637002
4333637007
4333637002
1700518221
1700518222
1700518223
1700518225
1700518228
1700518227
1700518226
5688217988
32671564
32671594
4518898500
1411570408
4518898500
32659924
