26232979
9024048874
9017433645
208863096
208863100
9024048891
26232979
9024048891
208863100
6721030588
208908788
208908792
4058690681
4058690682
208908796
208908792
209424951
209424947
208908788
9024048891
209424942
209424947
209444426
209444354
26233015
4333551195
209444433
159935912
29794296
29794297
159935911
159935910
29794298
29794297
215702323
159917564
215702327
159917565
215694712
215702310
215694718
159917564
215702270
159913714
30914725
159123359
159123341
159123359
619290067
619290065
215694618
159123336
215694604
215694608
282266736
29794308
213403944
159935897
29794309
29794308
282266285
215694604
215694615
215694613
215694615
215694618
7435170729
30914725
7435170729
29794304
29794303
29794304
29794305
29794304
7435170730
159935901
29794305
1272527122
215694613
5413864604
215694608
282266736
5413864604
1272527122
5413864604
5413864605
159935901
1690798580
4597787768
2951264865
32585911
29239105
215694557
209508275
29239107
29239105
485460052
213403944
5413864605
1690798597
485460052
1690798597
1690798580
1690798597
32585911
209444389
29239107
215694550
9797491679
215694550
9797491679
209508275
2975964081
209508155
209508123
209508111
209508099
209508147
209508069
209508056
209508051
209507952
209493393
209493389
209493369
209493365
209493374
209493365
1766430891
209493398
209493369
3531005905
209507952
209507956
290048560
209508042
209508061
209508056
209508051
209507952
3531005905
3531005904
209493398
3531005904
209507956
209508039
209493403
209508033
209493459
209493433
209493428
209493424
1766430891
209493424
209493403
209508039
209507982
209493463
209493459
209493433
209493437
209493441
209493437
209508024
209508001
209493441
209493445
9297254159
209493445
9297254158
9297254159
209508009
209493467
298569893
298569889
298569893
298569889
209507995
209508014
209507999
209508014
209508009
209508001
209507999
209508022
209493463
209508022
209508024
209493459
209508033
209507982
218315515
1766430879
209508042
290048560
209508051
290048557
209508065
209493393
209508140
209508093
209507950
209493315
209508107
298569904
298569902
298569900
209508135
209508096
1922317344
1922317343
209508099
1906203691
209508103
290047738
215694565
209508118
209508115
209508103
209508151
209508074
209508061
1922315775
1922315771
209508074
209508069
1922317349
290048557
209508065
209508143
209508096
298569901
298569900
209508135
209508111
1906203681
1906203691
1906203681
209508115
209508127
209508123
209508122
209508107
209508122
209507843
209493223
209493328
209493229
209493213
209493323
3526233522
209493220
209481442
209481439
209481372
538135183
209493220
209481442
3535202116
209481392
1768863520
209481392
209493224
209481385
1766430874
209481380
1178620989
209481385
209493224
209493223
3526046812
209493220
538135183
3526233524
209493319
3526233524
538135183
3526233524
3526233522
209493323
209493328
209493331
298569899
209493229
298569894
298569895
209508079
209493383
209493379
209493374
209493385
209493389
209493385
209493383
209493379
209493416
209493405
209493213
538135184
209493319
538135184
209493412
209493416
209493405
209508079
298569895
298569897
298569894
298569897
209507950
209508093
298569907
298569903
298569901
298569903
298569902
298569904
298569907
209508093
209508140
209508143
1922317346
1922317343
1922317346
1922317349
1922317346
209508147
209508151
290047736
290047738
290047736
290047740
215694569
215694565
3527702684
215694595
1299948958
209508118
209508131
159938566
159935895
1104523979
159935897
3503185347
3488027616
3488024418
215694563
209508131
4655382323
209508127
3238376166
2975964081
2975964084
3238376166
2975964084
215694563
215694557
3503185353
3488024418
3503185353
3503185347
3488027616
1104523939
159935895
1104523939
1104523979
3440032714
159935895
215665107
159117726
159123378
4491590897
215665097
30914729
215694578
215665097
4491590897
215694583
215694578
215694574
215694571
215694569
3475297821
3527973507
290047741
3527973507
3527973506
215694571
1922315770
290047737
290047740
290047737
1922315771
1922315775
1922315774
218315503
215694574
218315500
1766430879
218315500
218315503
1922315774
1922315770
215694571
3527973506
290047741
215694583
159938567
159938566
159938567
215665107
1104523738
159117726
619290084
159123336
1104523898
1104523738
1104523898
1104523809
1104523890
1104523843
282266285
1104523843
29794309
1104523697
1104523989
1104523697
3440032714
1104523989
1104523890
1104523809
1104523738
159117726
1104523759
159123378
1104523759
619290081
619290067
619290081
619290084
619290065
215694633
159123341
393143024
208721777
393143024
4975529061
208822926
4975529061
9033505338
26233324
26233322
26233320
26233311
471723743
26233308
26233307
1765696594
26233307
9325266887
9325266855
26233312
26233308
26233312
26233313
208932307
26233322
215694691
208962852
208962848
26233324
208962832
208932307
208962832
208822926
9033499382
393141752
393142912
393141752
9036429730
26235139
32124780
26235133
9654221254
26235133
215737826
26235137
32124773
215729261
26235142
26235137
215729303
215729265
26235142
215729274
26235144
309297870
215729288
208817296
208817286
208812953
208812948
208812944
309297872
208812941
215729241
26235144
215729274
215729278
215729265
215729268
215729257
215729252
208817293
208817286
4382139262
208812957
208812953
208813064
208812966
208812944
208812966
208813051
208813072
4335005581
208813064
208813069
4335005580
215755020
32661327
32661326
3656744209
215755035
208813078
215755035
215755030
4281069765
208813078
208813081
32661326
215722820
215722831
32661327
32661328
32661352
208812962
32661352
215722788
618066372
32661328
215755018
208813069
215755018
208812962
208812957
208812962
3624815817
215722783
465624094
215722783
1016463326
215722783
1016463326
5051749547
215722788
9451438327
465624094
9451438327
215722788
618066372
215722836
215722831
215722836
5051749547
1016463326
215722715
26233367
4023831274
3624815825
215729315
215722715
26233367
26233369
215722845
26233299
215729309
208817293
215722774
4382139262
3624815817
215729315
215722774
3624815832
215729309
215729297
215729303
215729297
215729257
215729268
215729283
215729278
215729283
215729288
309297870
309297871
1307400061
208812948
1307400061
208817296
8018704226
215729252
8018704226
208817296
1307400061
309297871
309297872
309297871
215729241
26235144
32124763
1207405301
32124695
32124694
32124693
32124692
32124690
32124689
32124688
1290876363
124056478
32124689
32124688
32124753
32124752
32124751
32124750
32124749
32124748
208791900
32124684
208798724
32124684
276496124
32124749
276496124
276496306
32124750
208790504
208790512
208790504
208790512
208744050
273474441
4022769407
32124751
32124752
32124753
208735453
3459759120
208744041
32124754
32124689
32124690
208710061
29794278
29796364
208721919
29795323
26235238
29796986
26235237
3391132734
29793978
26233234
229561217
229561222
29793834
208773296
29793834
2480075673
208721923
124056473
29796963
26233231
32124403
29795320
229511926
29796367
29794275
29794274
29794273
29796369
29795318
29795317
26233213
26233211
29796356
29796734
26233203
29796371
26233203
276497236
26233203
486670797
26233204
4751478593
486671643
26233204
29796372
29796371
29796356
29796938
26233213
29796937
26233212
26233211
29796790
29796371
29796790
29796789
237615647
29796789
512823762
32124392
4729976458
237575901
26233220
2520227805
29796798
2519353224
26233216
213389713
26233216
31702486
1454964725
31702486
213389732
3390027968
29796373
26233205
486671643
26233205
29796758
29796357
29796374
29796375
666064993
29796376
29795261
29795260
213306578
213306581
31703548
443451109
29795260
29796377
29796376
29795261
3445236694
3390028506
29796758
228975332
3390028506
3445236694
29796375
29796376
666064993
666064994
31702633
29796374
31702633
26233216
2519353224
26233220
618066343
26233222
26233223
26233222
26233224
26233225
26233224
4728623385
618066343
618066342
26233223
29796648
618066341
3445227865
261745120
261744944
29796796
666062884
261745120
4687077899
618066341
618066342
2520227805
3445227865
4353179112
666062884
666062887
666064995
666064994
666064995
4353179112
29796798
2519353224
29796786
237575901
29796786
4729971900
512823762
32124508
4710761069
29796372
29796373
29796357
213389713
3390027963
3390027985
213389732
3390027968
4710761069
32124508
1454964725
4729971900
4729976458
4728623385
618066348
26233225
26233226
29783887
32124496
29783887
618066349
26233225
618066349
32124496
208993631
3404142952
618066347
31362125
1574804116
229207047
31461015
31461017
31461015
1576253578
1232111535
31706601
3404140466
3404140466
3404140466
31706601
31706600
31706599
31706600
259331665
31706599
6016305190
1573528005
31706591
1573528005
31706824
29796963
32124404
32124403
391395074
32124401
26233230
26233229
32124400
29795317
29796370
29796369
29796368
29794274
183656139
208710045
29794273
29796934
29796370
29796938
29796933
29796734
208790496
29796734
29796933
29796934
208790496
276497123
412472096
32124685
208790499
276496306
208790499
4567840008
32124686
32124685
208798724
208798731
412472096
276497123
276497236
276497123
412472096
32124685
32124686
208710045
32124686
4567840008
4515340814
32124751
4022769407
273474079
4022769406
208735453
4022769406
32124752
3196463034
3196460289
4685162782
32124688
1290876525
32124686
1290876525
4685162782
1290876525
32124688
426385577
208710051
183656139
208710051
29794275
426385576
228732446
29796367
29796368
666055301
29795318
32124401
32124400
29796937
26233228
208991310
26233228
6721030536
26233229
6721030536
31706820
208710038
26233230
183654252
26233231
31706823
31706824
31706827
31706591
1472721975
31706588
1472721975
1472721954
31706827
1472721954
31706588
29793981
31706267
31706396
31706062
31706063
31706064
31706123
31706063
31706062
31706407
29239085
31705533
29239085
596988539
31705533
30453004
596988529
596988539
31704922
596988512
1566569366
661851989
31704922
661851989
1931140628
1931140611
5414110183
5414110180
8551875171
8551875166
29783881
8551875181
8551875171
8551875181
270016900
1457410819
29783881
1457410819
3404140491
213468278
213468238
213468235
213468198
213422571
213432494
29796846
213432494
213422670
213422667
213432503
213422670
618066324
618066326
29783885
618066334
29783885
213422704
31461018
1574790999
618066332
213432489
29796846
213432489
270017256
270017398
270017398
270017398
270017256
4124726971
270017781
4124726971
270017781
270016899
2342899770
213468278
3404140491
270017913
270016900
270017913
270016899
2342899770
213468243
213468238
213468243
29796846
618066325
618066330
213422704
618066326
213422704
618066327
618066324
618066327
618066330
618066325
618066332
1574790999
213422707
259331665
213422707
31461018
31461017
618066334
31703742
31362124
31703698
31703693
31703692
213301490
213301450
213301442
5414068680
5414068687
4687077904
261744944
4687077904
4687077899
5414068682
5414068683
5414068680
5414068689
5414068687
5414068682
5414068686
29796648
5414068686
5414068683
213301442
213301494
213301451
213301450
213301451
213301457
213301490
31703692
31703693
213301176
31703698
31703742
31362124
618066340
31362125
1232111516
31362125
618066347
618066340
229207047
1574804116
1576253578
1232111535
1232111516
208991362
259574219
5422145568
5422145568
5422145568
259574219
208991351
26233226
618066350
32124393
29796790
32124393
618066350
618066348
32124392
237615647
32124393
26233212
29796724
208991351
29796724
208991310
1232111541
1232111516
1232111541
31706820
208710038
183676909
31706823
183676909
183654252
391395074
666055301
29795320
3431833804
29795322
1768772432
228732427
3431833804
208778425
32124404
3397213398
124056473
208721923
208765395
208773296
208765395
3431833846
29795323
29795322
208778431
208778425
208778431
3397213398
3431833846
3397213423
26235238
208773285
208721919
208773285
29796993
29796986
29796993
3191564091
26235237
2889868395
32124407
3391132734
3397212790
29793834
3397212790
3397213423
208773296
2480075673
229561217
229561222
29793978
208678578
32124407
32124408
208765391
208678578
208765391
208765235
208756317
29239090
208756336
26235235
1245728019
425442757
208756336
208756298
26235256
26235235
29796355
29793425
425952522
425952524
29794282
29793425
209353772
29794283
29796359
29796354
26233200
31701346
29793357
29793358
580993297
208932125
29793363
3747644240
208932157
208932125
580993305
29795883
29784601
29794286
29784601
29795957
29794285
29794286
29794287
29794286
208710081
208710098
208710081
208710084
29794287
29794288
29795881
29795880
29794289
29794288
208710085
208710084
208710089
208710098
9036429729
29794285
31701220
29794284
29794283
208678567
209353775
29793426
4333516447
208710071
208710068
32125170
32125080
32125079
29794279
29794278
228732463
228732445
29796364
228732445
228732446
228732445
1768772432
228732427
229511931
229511926
229511931
228732446
228732459
228732455
1290876363
228732455
426385577
426385576
228732459
228732463
426003008
124056478
208710061
426003008
208710061
32125080
32125079
32125171
29794280
29794279
32125078
29796362
29794280
208687491
29794281
29796361
29796360
26235256
208756298
208756323
208756291
26235236
208756329
26235256
208756329
208756323
208756317
32124408
208756291
26235236
2889868396
2889868394
262255346
29796361
208687484
29796362
3191564091
32125078
29796364
32125078
3191564091
2889868393
2889868394
2889868396
2889868395
2889868393
208687484
208687491
208687497
32125171
32125170
208721773
32124693
4059855439
32124759
208735476
208813055
208735476
4281069766
4059855439
4278370482
32124692
427615136
32125080
427615136
208721773
208721772
32124694
32124760
32124759
32124760
1207405301
208812941
208813055
208813051
615101716
615101715
208813072
4335005581
4335005580
215755020
208813074
208813081
208813074
208813072
615101715
4281069767
208721777
1205481072
208743980
208744041
208743980
618066365
3459759120
3806113399
618066365
3806113399
3806113400
553182894
4281069762
553182894
3673894500
32124755
32124754
32124753
32124754
32124755
458696417
32124690
458696417
208735409
208721780
203953111
208721780
208735409
458696417
4278370482
4281069762
4281069766
5084643120
615101716
5084643120
4281069767
4281069765
215755030
5084643114
3656744209
1768204837
4621254187
2401023314
2401023307
5289907700
4621254187
5289907700
2401023307
2401023314
1768204837
248407874
215722820
248407874
3626000751
3869644971
4334851386
3798904592
617933890
3798904592
6645916276
5084643114
6645916276
617933878
967493700
617933906
617933900
617933893
3659605567
617933890
2310682415
617933893
617933900
2310685385
2310685383
617933893
3659605567
2310682415
248415153
248415241
284067796
248415241
4525921649
284067802
248415153
284067802
4143270628
4143269134
4143327097
3020174207
3020170668
3020172168
4143269183
3020170671
3020170680
3020170670
3020170685
3020170680
3020170685
3020170668
3020174207
3020172168
4143269183
4143269116
4143269166
3020170671
4143269166
4143284447
4143283942
3020172168
3020174207
4143327097
4143269134
4143270628
4525921649
284067796
4143270650
284067684
265680909
955277229
287945699
287945688
287945687
287945626
287945687
287951890
287945688
287945699
4300998886
287945658
287945553
287945544
287945540
287945591
287945659
287945591
287945659
287947364
287947363
4333554530
287947365
955277229
287947365
4333554531
287947364
4333554531
4333554530
287947363
4301000089
4300998886
4301000089
287945658
287945667
287945659
287945667
287945553
287945646
287945544
287945645
287945646
287945645
287945633
287945606
287945620
580966458
287945626
580966457
580966469
580966469
580966457
580966458
287945620
4526168084
287945633
4526168084
287945606
4203554330
4203554304
4203554323
4203554304
4203554333
4203554330
4203554333
4203554318
287945540
4203554318
4203554323
209508253
3057326713
209508155
3501241436
1178620989
3501241439
209507843
209493315
298569899
209493315
209507843
3501241439
3501241437
3501241436
1178620989
3057326713
209508253
209508169
209508176
209444503
31629422
310655888
31629422
310655952
208908825
208908821
208863151
208863157
1325778651
208908825
4262943029
208908832
5412182754
4262943029
3524869734
310655952
3524869734
310656002
208908832
1768160124
209481380
1766430874
1768863519
298569914
298569912
1768863520
1768863519
298569914
1768160124
310656003
310655878
310656003
310656002
310655878
310655888
209508169
209508176
209508183
209444503
209444499
208908821
208863151
9017414767
208908810
208908807
208908805
208908803
208908799
208908796
209444436
209424951
209444424
209444356
159935911
159935912
209444354
209444356
2979071340
159935910
159935908
159935907
29794300
1104555992
159935906
159935907
209444366
209444364
159935908
1104556116
29794298
1104556116
29794300
1104556116
159935908
209444364
209444419
209444364
2979071340
209444422
209444419
209444415
209444366
9178495732
209444373
209444377
159935904
29794303
1104556133
1104555992
1104556133
209444483
159935904
7435170730
1920583946
1920583959
2951264881
4597787768
2951264881
209444381
209444377
209444400
209444397
209444381
2951264865
209444393
209444389
2936238746
209508183
2936238746
209444490
209444393
209444397
209444486
209444479
209444400
9175400932
209444469
1920583972
209444459
209444453
209444450
209444415
9175400933
1920583942
1920583957
209444373
1497705453
209444483
159935906
1497705445
1497705453
1497705445
9178495732
1920583942
1920583957
9175400932
9228891218
1920583972
9228891218
9175400933
209444459
209444453
209444455
209444473
209444469
209444479
209444477
209444473
3066111784
3066111785
208908810
208908816
208908821
208908816
7434768532
7434768532
208908816
209444494
209444486
209444490
209444499
209444494
209444477
3066111785
3066111784
1497705451
208908807
2075285144
3522082241
3522082243
2075285157
2075285144
2075285157
208908805
1497705446
1497705451
1497705446
1497705444
209444455
1497705444
1497705452
208908803
1497705452
209444445
209444450
209444445
1497705450
209444419
1497705450
209444440
208908799
209444440
209444436
209444422
209444424
209444426
9023991639
26233015
463977701
463978433
209444433
463978433
159935914
26232994
9033452201
208828258
29794293
26232994
215702281
29794296
7865951338
215702319
215702286
7865951337
215702281
7865951337
7865951338
215702319
215702327
215702319
215702323
215702277
29794298
215702277
215702270
215702277
215702270
159913714
9036317439
159913714
9036317439
203953111
9036317439
203953111
9036317439
393142912
393142927
208710089
393142927
9030151292
208710085
208828235
29794289
9029466645
31631614
29795878
9029466644
29795880
2001904521
471723753
29793364
29793359
208932176
29793359
9025649192
471723754
29795878
208962798
29239099
26233006
29239099
159935914
9030050490
26233006
9025649142
208962798
208962794
29794293
208828258
208962824
208828258
9030108523
208962794
3516707673
3516700258
31631614
208828247
9032084037
5415990405
5415990404
9030108523
3516707674
3516700257
208828247
3516700257
3516700258
3516707673
3516707674
9030108523
5415990404
9030151231
208962824
9033457791
159917565
298885477
215702286
9033452201
9033457791
9033481380
215702304
215694712
298885466
215702304
298885466
215702314
215702310
215702314
215702299
215694718
215694739
215694633
215694739
215694721
215702299
215694721
3381405114
215694709
3783389517
619282991
215694657
159123359
215694657
215694736
619282991
215694736
3381405114
215694709
215694695
26233320
26233313
3381382221
9325266855
3381382221
3381382222
26233315
215694685
215694681
26233305
215702350
215694685
215702350
215694673
215694669
26233305
215694681
9325266862
3381382222
26233315
2007138975
215694673
2007138975
460315113
460315125
460315112
26233302
26233372
26233370
26233369
3624815843
3624815832
3624815825
3624815832
3624815843
26233299
215722845
26235146
26233370
26233372
468970377
460315114
26233302
465635388
26235146
465634364
465635388
465634364
9654221254
2007139004
460315112
2007139004
460315113
460315125
460315114
215694669
2007139001
468970377
2007139001
9325266865
9325266862
9325266887
9325266888
9325266865
9325266888
1765696594
7137544250
471723743
7137544250
215694702
1192136998
947453353
947453353
1192136998
215694702
471723747
215694665
471723747
471723746
26233311
471723746
215694689
1382525169
208962852
215694691
215694695
215694689
1382525169
215694665
26233000
3381405110
26233000
3381405108
3381405109
3381405110
3381405109
3381405108
9033481380
9033481390
208962848
9033481390
5415990405
9030151231
9033481390
9033505338
9032084037
9031971602
1731972522
9030151292
9033499382
9030151292
1731972522
208828235
9031971571
9031971602
9031971571
9029466645
9029466644
300160303
471723754
300160303
471723751
29793359
471723751
471723753
2001904521
2001904508
29793363
29793364
208932172
3747644240
208932172
208932176
9023324164
32124414
29794315
29793357
580993295
580993294
29795957
580993294
580993304
29784601
29795883
29795881
208932130
2001904508
208932130
580993305
580993301
580993297
580993301
580993303
580993304
580993303
580993299
580993295
580993299
29793358
208932152
208932157
208932152
32124414
208932120
29794316
29794315
228682879
29794421
26233200
1245728010
29796359
29796355
29796360
29794282
29794281
208756285
208687497
208756285
208710068
208721772
208721771
32124695
208721771
208756342
208710071
425952528
425952524
425952528
425952526
425952522
425952526
29793426
9039383569
209353777
209353775
209353772
209353775
209353777
9039383489
208678567
9039383489
209350753
209350764
9039280729
31701310
31701220
31701310
9036429729
9036429730
2007139005
2007139004
2007139005
32124780
215737828
215737826
215737828
32124773
215729261
32124763
4336927002
4333566976
4336927002
9041753271
228705909
228705913
228705909
988792376
32124695
988792376
208756342
4333516446
4333516447
4333516446
228705913
9039383569
9041753271
4333566976
9041729801
32124773
9041729801
26235139
5416197378
9039280729
29794284
29796354
31701224
29795957
31701224
31701346
228682879
29794421
424780615
32124410
1315075432
32124410
1245728002
32124410
1245728010
1245728019
425442757
1245728002
29239090
208765229
208765386
208765235
208765386
208765244
208765229
1315075432
1315075334
31701553
5413808893
1255547863
228682879
1255547863
424780615
1315075334
580995103
4333559245
580995104
31701553
29794316
1550039343
208953154
208932120
208953151
208932148
208953151
208953156
208953154
208953156
292799597
208932148
9020927963
208932321
9020967601
208932321
9023324164
9023324155
26233023
286125195
426402982
208863079
9017414787
9017433645
9017414787
426402983
9017736788
426402982
286125195
9020967542
208962791
208962790
208962788
208962790
208962791
9020927963
208962788
9017372403
9017465725
208863079
9017465725
286125215
9020967542
9020967601
9023324155
9025649192
9025649142
9024004511
26233023
9024004511
5416114972
5416060131
5416060130
9017736788
9024048874
9024004508
9024004511
9024004508
9030050490
463977701
9030050490
9024004508
461833383
462355112
461833383
9023991639
462354952
209424942
462354952
462355112
26232979
