31630405
2149748153
437690448
218225728
438312205
438111589
2149748153
438111589
218211165
31630405
1765623751
218156392
1721660301
218156396
218156402
437750599
225064754
226028581
3330910987
246450833
8935799056
3330910988
8935799056
4752812567
3330910987
4752812567
3330910988
246450831
246450830
246456492
246450828
1250078492
246450828
246450829
246456494
246450830
246456492
246456494
246450829
246456497
1250078515
246456497
246456519
246456526
246456518
246456511
246456505
246456527
246456524
246456522
246456500
1250078515
1250078492
246456500
246456522
246456519
246456526
246456524
246456527
246456518
246456511
246456516
246456508
246456505
246456508
246456561
246456559
246456509
246456551
246456509
246456613
246456611
246456548
246456611
246456616
246456620
246451748
246451746
225048192
246460984
246461010
246460997
246460996
246460995
246460993
246461018
246461014
246461133
246460990
246461123
246460990
246461017
5421961803
246461015
246461013
246456605
246456602
246456597
246456595
3821843774
246461065
246461064
246456595
246456600
246451745
246460999
225048192
225048211
246451756
246456622
246456618
246456613
246456618
246456616
246456620
246456622
246451756
246451748
246451746
246451745
246461092
246461080
246461078
246461063
246461061
246461060
246456593
246456579
246456576
246456569
246456567
246456565
246456516
246456565
246456564
246456561
246456559
246456551
246456548
246456572
246456564
246456572
246456574
246456567
246456569
246456582
246456579
246456582
246456585
246456580
246456579
246456580
246456587
246456593
246456591
246456576
246456574
246456589
246461087
246456589
246456591
246461090
246461060
246461086
246461061
246461082
246461061
246461086
246461099
246461077
246461063
246461064
246461091
246461078
246461082
246461081
246461087
246461090
246461082
246461081
246461080
246461092
246461091
246456600
246456602
246460999
246461000
246460984
246460986
246461002
246460986
246461001
246461004
246461002
246461006
246460997
246461010
246461011
246460996
246461008
246461004
246461005
246461009
246461008
246461006
246461008
246461009
246460995
246461013
246461011
246461000
246456605
5421961806
246461017
5421961806
5421961803
246461015
246461014
246461133
246461132
246461019
246461018
246461019
246461134
246461019
246461093
246460993
246461093
246461136
246461134
246461131
246461124
246461101
246461103
246461101
246461104
246461096
246460991
246456597
246460991
246461123
246461122
246461096
3821843774
246461105
246461067
246461065
246461077
246461076
246461067
246461068
246461074
246461073
246461069
225020505
225020521
225020513
225020517
225020505
246461069
246461068
246461109
225020509
225020505
225020509
225020525
225020521
225020525
246461108
246461101
246461104
246461105
246461103
246461109
246461108
225020525
246461126
246461124
246461122
246461132
246461131
246461138
246461128
246461129
246461126
246461129
246461138
246461128
246461141
225020513
3751545262
225020479
225020467
218198564
218198553
218198858
218198841
4488945336
218198847
218198564
1756010039
218198567
1756028738
437745618
437745612
437745585
437745562
215208280
437867648
8910220205
215208035
438320073
215208029
215207996
215207995
215207972
215124676
438308847
437753792
215124587
215124592
215124590
215124587
437867625
215207984
215207991
215207984
437867632
438321552
437753792
438321552
437867636
437867632
437867636
215207972
437867639
215124680
438321038
437753786
215124676
215207966
438298953
437753786
438298953
438298958
438296616
438296612
438296608
438296604
437867335
438292815
437749065
437867337
437749065
4488476220
8909946312
437749064
437749062
437749064
2183780275
8909946312
2183780275
438292817
438291210
437856744
215124781
8930615792
437859701
215124630
215124775
437859707
215124781
215124838
437859709
215124832
215124775
438295862
438295208
4301182964
215124926
215124921
215124919
215124911
438295222
213986292
438343162
438295226
213948467
1766803146
437759405
437759412
437759405
438325159
213944701
438335345
298538500
438335356
438335345
438335356
438335369
213948446
437849127
438336205
213943474
1207291265
1766803146
437759412
438335392
213943474
438335392
438336200
438335375
437849127
438336205
438336200
438335375
438335369
213948446
437849131
298538500
437849131
1952957782
1952957786
1952957765
4589188780
1952957862
1952957862
4589188780
504315096
438111545
504315096
504315095
3717519229
3358280664
438111545
3358280663
3358280664
3358280663
504315096
504315095
213943331
213943322
437849830
213943322
3982566505
213943291
3982566505
1952957786
3982566505
3756379290
437849830
437850044
9604631326
437850044
437850046
1765696638
1765696636
437850469
437850240
9604631326
1765696638
1765696639
437850242
437851665
437850046
3756379290
437851666
213943291
437851679
437851679
213943291
437851666
437849836
437848508
437848506
437848508
437849839
437850053
437848506
437850049
437849836
597001175
597001171
597001171
597001171
597001175
437849836
437851666
437851665
437850049
437850243
437850242
437850466
437850464
437850243
437850244
437848506
437850053
437850054
214029804
214029790
214029783
3701782258
214029783
437744704
215228420
215228417
438292872
215228425
215228423
437744710
215228420
4488608192
437744704
437761012
437745117
437761012
437761014
437745121
437745117
437746488
438291179
437746488
437746494
437745121
437745124
437746505
437746500
215222911
437746500
437746494
438292858
215222911
437759383
437747283
437747281
437747278
437759389
437759387
437747281
438292838
437749056
437749058
437749056
3243349261
3243344660
3243349261
3690981203
437747283
3690981203
3243344660
215207683
437749044
437746505
437749044
437759383
437759387
438292858
438291179
437759389
3701782254
3701782252
213948509
3701782249
213948509
437747274
213948509
3821786879
3701782254
3701782258
3821786879
3358199971
437747274
215124634
3358199968
3358199971
3358199968
438325159
437747265
215124634
437747274
437859718
215124846
438295875
215124919
215124914
437747265
438295877
215124634
438295877
438295875
438295873
215124881
215124832
438295866
215124926
4301182964
438295218
215124899
213986292
438295222
215124911
437747259
215124914
437747259
213948467
438295226
438295222
438295218
215124921
438295873
438295866
438295862
8934208791
215124630
215124744
438295854
438295186
8936951407
215124721
438295174
215124721
3690975999
4488856225
438295186
8934337780
438295208
8934337780
8934208791
438295854
8938713292
215124803
8938713292
438296626
215124807
215124665
215124663
215124816
215124663
438295168
437867621
213962616
213962621
438301462
438301465
438289823
215142789
215142784
438299923
438289804
438266734
438299933
438299923
438299920
438294635
438289804
438289801
438289796
438289793
438289790
438289793
438294020
438294016
438289790
438303212
438289788
438289784
218225714
438312194
438289788
438289784
438289780
218225756
218225714
218225756
438304293
218225815
438309514
437690935
218225838
218225665
218225583
218225533
437697295
218225852
218225454
218225459
218225464
218225459
437818600
218225486
1890224171
218225469
218225464
218225871
218225852
438226790
218225860
218211256
218225546
218225589
218225671
437694531
218225665
218225838
218225815
438304293
438304289
438304284
438289780
438289784
438294009
438266696
438266692
438304262
438304258
246461047
8916409658
8916409656
246461047
8916409656
8916409649
218225766
218225728
438310295
438266696
438266701
438303242
438303218
438294012
438266701
438312203
438303248
438303242
438313034
438294016
438303218
438303212
438289788
438294012
438294009
438294006
438266692
438311395
218225766
437690452
246461238
246461239
246461240
246461043
246461041
246461037
1721685758
1721660301
1721685758
1721660358
218156396
1721660358
246461037
246461041
218156392
1765623751
246461043
246461240
246461241
437690448
246461241
246461238
437690452
438304250
438304247
246461239
438304247
1721660330
437688914
8916568539
246461050
8916568419
246461051
218225606
218225556
437695042
437694027
218225606
218225556
4070256251
218198510
9104278676
246461058
4070256252
8917607706
437745612
437745585
437745562
437745534
1876930174
437744715
215228423
4488608197
4488608194
437761014
437761020
437745124
437761020
8907195985
437744715
8907195985
4488608197
4488608194
4488608192
4488608194
437744710
438292872
215228425
1876930166
1876930174
437749012
437724489
437749012
8659442945
437850831
437724494
437724489
437724494
437724499
437724494
437851029
437851027
437724499
437850830
437850459
437850248
437850060
437850056
437850054
437850246
437850244
437850462
437850461
437850246
437850248
2106373192
437850256
3659266606
437850072
6967612244
3659266606
6967612244
2106373201
437730360
2106373201
2106373193
437730360
437862234
437850060
437850056
437862509
437862234
437850060
2106373193
2106373192
437850455
437850831
437850830
437850829
437850828
437724508
437851023
437851022
437724511
437724508
437724511
437850827
437850464
437850462
437850828
437850827
437850826
437724513
437724511
437724513
437851020
437851018
437724518
437724513
437724518
437850824
1765696636
1765696637
1765696639
1765696637
437850466
437850826
437850824
437850822
437850469
437850822
437724520
437724518
437851018
437851015
437724520
437851015
437851454
437851456
437851261
437851018
437851261
437851652
437851020
437851022
437851258
437851256
437851023
2106373129
437851027
437851252
437851250
437851029
437851030
437851242
437851248
437851242
4655292770
437749003
437851032
437724489
437851032
4655292771
437851030
4655292771
4655292770
437749003
437748984
437730382
213955250
437851466
437851252
437851254
437851462
437851461
213955244
213955241
215239850
215239838
437854295
213955250
437730382
437851468
437851248
437851250
437851468
437851466
437851462
437854295
213955244
213955241
437851459
437851258
437851652
437851651
437851456
437851651
437851459
437851461
437851256
437851254
2106373129
2106373167
437724499
2106373167
437724508
2106373167
437850829
437850461
437850459
437850455
3659283336
437850256
3659283336
8659442945
437749012
1876930174
437745534
437745562
215208280
437749111
438298074
215207833
215124578
1721660391
215124578
438320760
215208029
437867642
437867639
215207996
438320762
5256615336
31630568
3346043819
4581046367
1721660391
438297031
438297031
438297031
1721660391
1721660272
1721660270
215207833
1721660270
1721660326
1721660272
1721660326
2155637729
437749129
438299940
438315836
215140622
215140651
215140622
215140662
215140675
215140662
438317163
438315105
215140675
215140696
8916727780
215207870
215135366
437749138
438313005
215207870
438313005
215140696
438313025
438303248
8914747689
8916727781
218211165
8916727781
8914747689
8916727780
8916727781
438312205
438312203
438310295
438311395
438304258
438309532
218225685
437694527
218225690
218225685
218225690
438309532
9401024919
437691463
218225846
218225671
438266677
437694527
437694027
438266674
218225589
437694023
218225583
218225533
437695053
218225546
438266669
437695042
437697287
438266664
218211256
437697292
437695053
437694023
437694531
437690935
218225846
437691463
438304271
437691463
438309514
438304289
438304284
438289780
438294006
438304267
438304271
438304284
438304271
438304267
438304262
9401024919
438266682
218225846
438266682
438266677
438266674
438266669
438266664
438266661
218225860
218225880
218225901
218225421
438111967
218225412
3746902707
218225412
438112032
218225871
438112028
218225880
438266657
438226795
218198513
246461143
246461058
8917810556
4070256269
246461142
4070256269
8917810559
8917810554
7172649920
7172649912
7172649920
7172649912
438225198
437688914
1721660330
4492501522
246461050
8916409659
4492501522
438304250
8916409657
8916409649
8916409656
8916409657
8916409659
8916409658
8916568419
246461051
4070256260
4070256252
8917810557
4070256260
4070256262
8917810560
8917810554
8917810560
8917810557
8917810556
8917810559
8917810560
4070256262
437688914
8916568539
1756028758
437760304
437760285
246461170
246461169
246461168
246461166
218198578
7975077092
218198913
218198887
218198913
218198908
218198889
218198760
218172582
32585251
218198682
218198681
218198682
218198722
218198682
218198713
4349238392
32585251
437832542
32585249
218255919
218255939
437832541
32585249
218172567
218198767
218198764
218172574
218172567
437767172
437832541
437767172
218199004
218198962
218198936
218198933
218198899
218198933
218198931
218198904
218198894
218198764
218198760
7975077094
218172586
218172582
218172574
437832542
218198722
218198719
218198681
218198717
218198704
246665008
246665007
246660701
32585305
32585306
32585305
218172623
32585305
3258747372
246664996
246664993
246660701
246660714
32585306
32585307
32585306
246660713
218172631
32585307
246660700
246660699
246461230
32585307
246461230
246461229
218172631
246461225
246461207
246461163
218198493
218255712
218198684
218255779
218255762
218255689
218255775
218255689
218255767
218235032
218235024
218198683
218255770
218255767
218255770
218255762
218255779
218255775
218255698
218255714
218198684
218199062
218199049
7975077092
218198927
218198908
218198904
218198899
218198955
218198770
218198955
218198962
218199004
218199009
218198767
218199009
218198770
218198894
218198889
218198887
7975077094
7975077097
218198917
218198913
218198917
218198578
218199053
218199049
278869757
218198927
218198931
218199039
218199036
218198933
218199036
218199027
218198936
218199027
218199023
2427373028
218199014
218198489
3940890118
218198683
218199064
218199062
218199057
218198493
218255740
218255723
218255707
218198574
246461243
246461158
246461156
281754777
225020467
225020487
218198553
8920721493
4070256229
218198538
218198536
218198533
218198528
218198516
218198513
8917657807
218198510
8917657807
9104278676
8917607706
4070256251
4070256247
218198510
4070256247
437697287
438226795
438266661
438266657
438266652
218198528
218198516
246461146
246461143
246461142
246461173
246461121
246461119
246461113
246461110
246461106
246461099
246461106
246461076
246461074
246461115
246461110
246461115
246461117
246461114
246461113
246461114
246461119
246461121
246461174
246461149
218198533
218198528
246461147
246461121
246461173
246461146
246461147
246461149
281754780
246461151
281754780
281754781
246461174
281754781
281754779
246461072
1756010045
246461070
225020499
225020479
281754776
246461197
246461156
246461158
246461199
246461158
246461243
246461159
218255707
218255703
218255698
218255703
218255695
218198574
218255748
218225934
218198567
1756010039
218211037
218198847
4488945336
218211037
218211042
218198841
218211025
218198836
218211016
218255757
218210944
218210942
218198833
218198829
218198807
218198773
218210965
218198773
218198779
218198773
218198784
1790500014
218198779
218198874
218198807
218210952
218210938
218210942
218210944
218234945
218234939
218234934
218210990
218210965
218210960
218210952
437828962
218234939
438227801
218235079
218234930
218234934
218234930
437829237
438112035
218235074
218235079
218235074
218235104
218234998
218199073
218199014
2427373028
218199069
218199036
218199069
438229956
218199039
278869757
218199064
438229956
218198489
438281209
218199073
218199081
218199023
218199081
438227212
218234998
218235104
438112853
218235113
218235032
218235113
218235100
218234945
218235100
438227801
438112853
438227213
218235024
560643585
3940890118
560643585
438281209
438227213
218234998
438227212
438112035
437829237
437828960
218198784
437828960
218210990
301144757
218210960
301144757
437828962
218210942
218210938
218198829
218198870
218198865
218198833
218255756
218198836
3940901304
218211021
3940901304
218255752
218198865
218255752
218255756
218255757
218211016
218211035
218211047
218211042
218225934
218255748
218255744
218255695
218255744
218211047
218211035
218211025
218211021
218198858
218225939
218225943
218198538
218198536
218225949
3940903978
438266651
218198533
438266651
438266652
218225901
438112033
438112028
438226790
437697292
437697295
437697298
437818600
218225486
438112010
3746902706
3746902707
3746902706
1890224171
218225469
218225886
438112032
438112033
438111967
218225969
218225971
218225963
218225959
3480351548
218198815
438227937
218210933
218198870
218198874
437830766
438227937
218198815
438230880
218225412
438230880
438230882
218225959
438230882
218225969
218225971
3940903977
218225421
3940903977
3940903978
218225949
218225943
218225939
4070256229
8920721499
8920721493
8920721499
437745618
1756028738
7975077097
2155653750
218172586
4349238392
262723698
3258747372
262723698
4051954656
218198713
218198717
218198704
3993046353
4051954656
8922298094
3993046353
8922298094
7975077097
2155653750
246461250
218172623
246461250
246461170
246461247
246461170
8922298112
8922214537
246664993
246664996
8922214537
8922298116
8922298112
8922298116
246665008
246665007
246660712
246660715
246660710
246660695
246660694
246660711
246660659
246660698
246660659
246660679
246660659
246660696
246660662
246660677
246660601
246660649
246660654
246660653
246660600
246660671
246660580
4656631103
246660580
246660675
246660673
7299979413
246660673
1258627191
246660589
246660587
246660592
246660587
246660588
3685334657
225048124
225048163
4022455257
225048163
225048164
4022447825
4022447825
225048164
225048125
246660616
246660577
246660583
246660579
225048124
246660582
246660577
246660582
246660583
246660579
246658353
246660579
246660585
246660591
246660590
246660592
246660593
246660589
246660593
246660591
246660590
1766689558
246660585
1766689558
3685334657
246660588
1258707504
1258627191
1258627194
246660622
246660621
246658353
246660621
246660622
1258627194
246660628
246660626
246660671
246660600
246660604
4656631102
246660603
4656631102
4656631103
246660672
246660603
246660670
246660669
246660604
246660669
246660667
246660665
246660662
246660677
246660681
246660679
246660731
246660694
246660695
246660717
246660716
246660715
246660714
246660700
246660710
246660711
246660699
246660698
246660660
246461230
246660660
246660698
246660697
246660696
246660697
246660663
246660660
246660661
246660664
246660663
7299979424
246660665
7299979424
7299979426
246660667
7299979426
246660670
4020308966
4320694183
246660672
7299979414
246660675
7299979414
7299979413
1258707504
4022455257
4320694183
4020308966
246660664
246660661
246461229
246461225
246461234
246461166
246461165
218199053
218199057
246461164
246461163
4488816348
218255740
218255731
218255712
218255731
218255714
218255723
246461160
246461159
246461200
246461195
246461199
246461197
281754776
281754777
437760285
437760304
4070256234
246461151
281754779
246461072
246461073
246461069
246461070
1756010045
246461153
4070256234
246461153
225020487
225020499
4568234426
225020517
4568234426
3751545262
4568234424
246461141
4568234424
3751679480
246461195
246461200
246461201
246461160
4488816348
4488816351
246461201
4488816351
246461207
246461235
246461164
246461165
246461236
246461235
246461236
246461234
246461244
246461168
246461244
246461245
246461169
246461245
5279886525
4502571020
218172623
7300208203
246660713
7300208203
4502571020
5279886525
246461247
246461250
2155653750
7975077097
1756028738
437745618
437745612
437745585
4580996931
437749111
438298074
438320754
215208035
4520228428
8910220205
4520228428
438320070
437867642
438297015
215124680
438319925
438298958
438296616
438296612
438298961
438298958
438319925
438319933
438297015
438320064
438298103
437749082
437867650
4580996931
4486697715
437867650
4486697715
437867648
438298103
438319947
438298982
438298986
438296604
438298986
438298982
438320027
438298966
438296608
8933065595
437867335
437867337
437750135
438298992
438298986
438298992
438319954
437749082
438319954
438319947
438319939
438319933
438298961
438298966
438320027
438319939
438320064
438320070
438320073
438320078
438320754
438320078
438320757
438320759
438320760
4655318390
438320762
438320767
215207987
215207991
215207995
438320767
215207987
438301469
438266748
437867625
1454985244
438289835
437867621
213962616
3690976004
3690975999
3690976004
438295168
438295174
8936951407
215124816
215124803
215124807
215124665
438295831
215124587
215124590
215124621
215124603
215124592
438298941
215207966
438298941
438296620
215124603
8938822028
215124744
437859698
8938855028
438296620
438296616
8932954453
8930616130
437859698
437859701
437859707
437859709
437859712
215124871
215124838
438291201
437856744
438292821
437749062
4488208751
437749060
437749059
437749058
438292834
438291191
215124856
215124869
438291186
437747278
3701782252
3701782249
215124869
437859718
437859715
215124846
215124881
437859712
437859715
215124856
215124871
438291198
438291191
438291186
438292838
438292834
438292828
437749059
437749060
438292823
438291201
438291198
438292828
438292823
438292821
438292817
438292815
438291212
438291210
8930615792
8930616130
438291212
8933065595
8932954453
8938855028
8938822028
8938713292
8938822028
215124621
1257046827
1257046826
438296626
438295831
1454985244
1454985246
438266748
1454985246
438290674
438289835
437867621
438295158
213962621
438295158
438290674
438301465
438301469
3600864825
31630568
3346043818
215124578
3346043818
5256615336
3346043818
4581046367
4581046369
215140600
438317910
438299934
438299933
438317915
215142784
438302065
438299920
438302065
438294624
215142789
438266743
438317915
438317910
438317915
438266743
3600864825
438289823
3600864825
3346043819
4581046369
215140600
9414320101
215140651
438314407
438266734
438315845
438289801
9398240975
438294637
438294635
438294637
9398240975
438294642
438289796
438294022
438294020
438315090
438313034
438313025
438315105
438315090
438317159
438294022
438317159
438315845
438317159
438317163
438315842
215140622
438315842
438314407
438299934
9414320101
438299940
438315836
5698002243
8914687315
438315136
215140675
438315136
437749138
215135366
31630405
